120.007286,0.756637,0.514468
120.015617,0.756648,0.514559
120.023949,0.756656,0.514579
120.032280,0.756664,0.514600
120.040611,0.756676,0.514608
120.048943,0.756694,0.514725
120.057274,0.756696,0.514763
120.065605,0.756691,0.514654
120.073936,0.756689,0.514525
120.082268,0.756684,0.514399
120.090599,0.756679,0.514274
120.098930,0.756669,0.514098
120.107262,0.756655,0.513859
120.115593,0.756644,0.513654
120.123924,0.756631,0.513434
120.132256,0.756613,0.513248
120.140594,0.756590,0.513095
120.148926,0.756555,0.512880
120.157257,0.756532,0.512730
120.165588,0.756506,0.512556
120.173920,0.756474,0.512329
120.182251,0.756440,0.512159
120.190582,0.756401,0.512031
120.198914,0.756366,0.511925
120.207245,0.756338,0.511838
120.215576,0.756299,0.511881
120.223907,0.756275,0.511931
120.232239,0.756257,0.511981
120.240570,0.756221,0.511962
120.248901,0.756206,0.512103
120.257233,0.756189,0.512110
120.265564,0.756177,0.512156
120.273895,0.756172,0.512279
120.282227,0.756162,0.512333
120.290558,0.756153,0.512464
120.298889,0.756147,0.512605
120.307220,0.756150,0.512663
120.315552,0.756157,0.512805
120.323883,0.756171,0.512927
120.332214,0.756190,0.513006
120.340546,0.756210,0.513043
120.348877,0.756239,0.513086
120.357208,0.756263,0.513148
120.365540,0.756288,0.513220
120.373871,0.756329,0.513304
120.382202,0.756367,0.513265
120.390533,0.756403,0.513267
120.398865,0.756440,0.513309
120.407196,0.756477,0.513371
120.415527,0.756505,0.513312
120.423859,0.756533,0.513339
120.432198,0.756561,0.513400
120.440521,0.756614,0.513454
120.448860,0.756647,0.513540
120.457191,0.756683,0.513607
120.465523,0.756714,0.513674
120.473854,0.756738,0.513744
120.482185,0.756781,0.513780
120.490517,0.756813,0.513857
120.498848,0.756845,0.513947
120.507179,0.756883,0.514054
120.515511,0.756922,0.514225
120.523842,0.756963,0.514345
120.532173,0.757003,0.514470
120.540504,0.757044,0.514611
120.548836,0.757079,0.514686
120.557167,0.757108,0.514806
120.565498,0.757134,0.514942
120.573830,0.757179,0.515022
120.582161,0.757232,0.515167
120.590492,0.757283,0.515250
120.598824,0.757335,0.515277
120.607155,0.757393,0.515384
120.615486,0.757454,0.515455
120.623817,0.757522,0.515558
120.632149,0.757599,0.515688
120.640480,0.757679,0.515690
120.648811,0.757787,0.515770
120.657143,0.757893,0.515807
120.665474,0.757985,0.515762
120.673805,0.758138,0.515764
120.682137,0.758281,0.515702
120.690468,0.758416,0.515612
120.698807,0.758552,0.515521
120.707130,0.758690,0.515490
120.715469,0.758845,0.515532
120.723801,0.758989,0.515606
120.732132,0.759113,0.515681
120.740463,0.759272,0.515738
120.748795,0.759434,0.515834
120.757126,0.759595,0.515983
120.765457,0.759753,0.516158
120.773788,0.759888,0.516230
120.782120,0.760032,0.516345
120.790451,0.760168,0.516459
120.798782,0.760292,0.516552
120.807114,0.760442,0.516713
120.815445,0.760554,0.516859
120.823776,0.760651,0.516997
120.832108,0.760830,0.517165
120.840439,0.760956,0.517311
120.848770,0.761049,0.517437
120.857101,0.761145,0.517556
120.865433,0.761286,0.517660
120.873764,0.761375,0.517806
120.882095,0.761495,0.517853
120.890427,0.761614,0.517902
120.898758,0.761717,0.517984
120.907089,0.761816,0.517935
120.915421,0.761920,0.517907
120.923752,0.762005,0.517861
120.932083,0.762070,0.517792
120.940414,0.762178,0.517750
120.948746,0.762284,0.517576
120.957077,0.762384,0.517427
120.965408,0.762487,0.517384
120.973740,0.762585,0.517179
120.982079,0.762700,0.517047
120.990402,0.762811,0.516963
120.998741,0.762901,0.516899
121.007072,0.763081,0.516854
121.015404,0.763378,0.516883
121.023735,0.763679,0.517006
121.032066,0.763998,0.517168
121.040398,0.764364,0.517334
121.048729,0.764772,0.517446
121.057060,0.765173,0.517474
121.065392,0.765566,0.517442
121.073723,0.766190,0.517366
121.082054,0.766724,0.517217
121.090385,0.767234,0.517079
121.098717,0.767737,0.516911
121.107048,0.768243,0.516632
121.115379,0.768753,0.516497
121.123711,0.769195,0.516353
121.132042,0.769582,0.516188
121.140373,0.770325,0.516099
121.148705,0.770898,0.516024
121.157036,0.771439,0.516005
121.165367,0.771974,0.516029
121.173698,0.772468,0.516055
121.182030,0.772954,0.515987
121.190361,0.773366,0.515954
121.198692,0.773731,0.515952
121.207024,0.774297,0.516004
121.215355,0.774744,0.516199
121.223686,0.775207,0.516732
121.232018,0.775661,0.517631
121.240349,0.776047,0.518714
121.248680,0.776416,0.519986
121.257011,0.776730,0.521150
121.265343,0.777003,0.522223
121.273682,0.777431,0.523524
121.282013,0.777738,0.524338
121.290344,0.778047,0.524918
121.298676,0.778350,0.525283
121.307007,0.778616,0.525463
121.315338,0.778883,0.525660
121.323669,0.779124,0.525822
121.332001,0.779346,0.525957
121.340332,0.779649,0.526125
121.348663,0.779890,0.526129
121.356995,0.780092,0.526154
121.365326,0.780276,0.526191
121.373657,0.780459,0.526158
121.381989,0.780669,0.526148
121.390320,0.780844,0.526087
121.398651,0.780987,0.525981
121.406982,0.781183,0.525838
121.415314,0.781335,0.525757
121.423645,0.781485,0.525681
121.431976,0.781641,0.525594
121.440308,0.781779,0.525489
121.448639,0.781934,0.525487
121.456970,0.782064,0.525519
121.465302,0.782164,0.525552
121.473633,0.782318,0.525588
121.481964,0.782458,0.525664
121.490295,0.782573,0.525766
121.498627,0.782672,0.525866
121.506958,0.782781,0.525881
121.515289,0.782877,0.526058
121.523621,0.782955,0.526268
121.531952,0.783011,0.526456
121.540283,0.783108,0.526760
121.548615,0.783189,0.527038
121.556953,0.783253,0.527271
121.565285,0.783307,0.527484
121.573616,0.783350,0.527668
121.581947,0.783416,0.527871
121.590279,0.783473,0.528066
121.598610,0.783517,0.528250
121.606941,0.783585,0.528695
121.615273,0.783640,0.528985
121.623604,0.783691,0.529288
121.631935,0.783740,0.529626
121.640266,0.783783,0.529872
121.648598,0.783804,0.530048
121.656929,0.783820,0.530209
121.665260,0.783837,0.530371
121.673592,0.783918,0.530881
121.681923,0.783955,0.531391
121.690254,0.784018,0.531963
121.698586,0.784058,0.532474
121.706917,0.784076,0.532963
121.715248,0.784090,0.533528
121.723579,0.784089,0.533986
121.731911,0.784084,0.534480
121.740242,0.784058,0.535371
121.748573,0.784041,0.536137
121.756905,0.783999,0.536917
121.765236,0.783955,0.537757
121.773567,0.783913,0.538671
121.781898,0.783854,0.539563
121.790230,0.783793,0.540355
121.798561,0.783716,0.541185
121.806892,0.783597,0.542193
121.815224,0.783525,0.543422
121.823563,0.783410,0.544465
121.831886,0.783296,0.545552
121.840225,0.783186,0.546722
121.848557,0.783022,0.547910
121.856888,0.782918,0.548959
121.865219,0.782792,0.550057
121.873550,0.782582,0.551359
121.881882,0.782406,0.552728
121.890213,0.782221,0.553781
121.898544,0.782039,0.554898
121.906876,0.781855,0.556155
121.915207,0.781613,0.557431
121.923538,0.781415,0.558447
121.931870,0.781192,0.559588
121.940201,0.780892,0.561131
121.948532,0.780640,0.562442
121.956863,0.780347,0.563777
121.965195,0.780036,0.565152
121.973526,0.779712,0.566577
121.981857,0.779353,0.568057
121.990189,0.779026,0.569334
121.998520,0.778664,0.570686
122.006851,0.778195,0.572300
122.015182,0.777777,0.573564
122.023514,0.777348,0.574828
122.031845,0.776899,0.576066
122.040176,0.776470,0.577166
122.048508,0.776255,0.577671
122.056839,0.776040,0.578176
122.065170,0.775725,0.578927
122.073502,0.774979,0.580725
122.081833,0.774279,0.582379
122.090164,0.773455,0.584285
122.098495,0.772828,0.585767
122.106827,0.772282,0.586982
122.115166,0.771780,0.588046
122.123497,0.771297,0.588966
122.131828,0.770789,0.589935
122.140160,0.770200,0.591155
122.148491,0.769716,0.592174
122.156822,0.769242,0.593195
122.165154,0.768777,0.594114
122.173485,0.768320,0.594913
122.181816,0.767826,0.595882
122.190147,0.767454,0.596691
122.198479,0.767082,0.597552
122.206810,0.766644,0.598632
122.215141,0.766248,0.599584
122.223473,0.765929,0.600502
122.231804,0.765615,0.601422
122.240135,0.765311,0.602348
122.248466,0.765067,0.603265
122.256798,0.764849,0.604065
122.265129,0.764634,0.604967
122.273460,0.764401,0.606450
122.281792,0.764250,0.607456
122.290123,0.764137,0.608629
122.298454,0.764047,0.609930
122.306786,0.763984,0.611300
122.315117,0.763967,0.612522
122.323448,0.763947,0.613628
122.331779,0.763925,0.614822
122.340111,0.763898,0.616266
122.348442,0.763882,0.617341
122.356773,0.763859,0.618442
122.365105,0.763834,0.619524
122.373436,0.763810,0.620529
122.381767,0.763781,0.621385
122.390099,0.763763,0.622132
122.398438,0.763751,0.622946
122.406769,0.763751,0.624075
122.415100,0.763764,0.624984
122.423431,0.763767,0.625849
122.431763,0.763772,0.626741
122.440094,0.763778,0.627604
122.448425,0.763772,0.628219
122.456757,0.763760,0.628759
122.465088,0.763745,0.629299
122.473419,0.763721,0.629910
122.481750,0.763699,0.630364
122.490082,0.763666,0.630629
122.498413,0.763630,0.630848
122.506744,0.763592,0.631053
122.515076,0.763549,0.631174
122.523407,0.763513,0.631273
122.531738,0.763475,0.631339
122.540070,0.763415,0.631250
122.548401,0.763353,0.631104
122.556732,0.763310,0.631061
122.565063,0.763271,0.631033
122.573395,0.763221,0.630918
122.581726,0.763176,0.630734
122.590057,0.763134,0.630578
122.598389,0.763095,0.630454
122.606720,0.763047,0.630304
122.615051,0.762992,0.630071
122.623383,0.762944,0.629825
122.631714,0.762903,0.629616
122.640045,0.762866,0.629478
122.648376,0.762832,0.629296
122.656708,0.762801,0.629144
122.665047,0.762772,0.629039
122.673370,0.762742,0.628831
122.681709,0.762706,0.628593
122.690041,0.762668,0.628349
122.698372,0.762632,0.628110
122.706703,0.762587,0.627809
122.715034,0.762545,0.627543
122.723366,0.762509,0.627318
122.731697,0.762479,0.627122
122.740028,0.762442,0.626936
122.748360,0.762417,0.626781
122.756691,0.762395,0.626650
122.765022,0.762374,0.626546
122.773354,0.762347,0.626453
122.781685,0.762325,0.626410
122.790016,0.762308,0.626409
122.798347,0.762296,0.626450
122.806679,0.762271,0.626514
122.815010,0.762262,0.626696
122.823341,0.762262,0.626926
122.831673,0.762268,0.627175
122.840004,0.762278,0.627553
122.848335,0.762291,0.628030
122.856667,0.762267,0.628734
122.864998,0.762225,0.629083
122.873329,0.762166,0.629211
122.881660,0.762100,0.629282
122.889992,0.762030,0.629380
122.898323,0.761955,0.629492
122.906654,0.761881,0.629545
122.914986,0.761809,0.629602
122.923317,0.761738,0.629666
122.931648,0.761671,0.629749
122.939980,0.761612,0.629862
122.948311,0.761550,0.629986
122.956650,0.761499,0.630071
122.964981,0.761449,0.630140
122.973312,0.761360,0.630150
122.981644,0.761303,0.630171
122.989975,0.761258,0.630225
122.998306,0.761214,0.630282
123.006638,0.761166,0.630322
123.014969,0.761130,0.630368
123.023300,0.761091,0.630360
123.031631,0.761052,0.630341
123.039963,0.761016,0.630388
123.048294,0.760970,0.630335
123.056625,0.760934,0.630326
123.064957,0.760902,0.630320
123.073288,0.760868,0.630288
123.081619,0.760834,0.630266
123.089951,0.760809,0.630237
123.098282,0.760787,0.630205
123.106613,0.760762,0.630169
123.114944,0.760730,0.630049
123.123276,0.760700,0.629930
123.131607,0.760668,0.629803
123.139938,0.760631,0.629651
123.148270,0.760605,0.629551
123.156601,0.760591,0.629522
123.164932,0.760582,0.629524
123.173264,0.760544,0.629369
123.181595,0.760523,0.629291
123.189926,0.760501,0.629181
123.198257,0.760473,0.629047
123.206589,0.760436,0.628889
123.214920,0.760404,0.628730
123.223251,0.760379,0.628607
123.231583,0.760358,0.628506
123.239922,0.760338,0.628484
123.248245,0.760314,0.628389
123.256584,0.760287,0.628290
123.264915,0.760261,0.628200
123.273247,0.760247,0.628141
123.281578,0.760215,0.628038
123.289909,0.760188,0.627952
123.298241,0.760168,0.627885
123.306572,0.760136,0.627780
123.314903,0.760109,0.627719
123.323235,0.760087,0.627675
123.331566,0.760068,0.627647
123.339897,0.760053,0.627664
123.348228,0.760028,0.627602
123.356560,0.760006,0.627561
123.364891,0.759992,0.627569
123.373222,0.759980,0.627613
123.381554,0.759974,0.627718
123.389885,0.759969,0.627800
123.398216,0.759964,0.627847
123.406548,0.759955,0.627924
123.414879,0.759937,0.627910
123.423210,0.759924,0.627915
123.431541,0.759921,0.627972
123.439873,0.759904,0.628013
123.448204,0.759892,0.628034
123.456535,0.759876,0.628022
123.464867,0.759853,0.627991
123.473198,0.759848,0.628070
123.481529,0.759832,0.628060
123.489861,0.759815,0.628038
123.498192,0.759800,0.628032
123.506531,0.759783,0.628039
123.514854,0.759761,0.628004
123.523193,0.759748,0.628020
123.531525,0.759746,0.628103
123.539856,0.759735,0.628119
123.548187,0.759723,0.628198
123.556519,0.759715,0.628285
123.564850,0.759708,0.628356
123.573181,0.759690,0.628408
123.581512,0.759673,0.628458
123.589844,0.759654,0.628481
123.598175,0.759632,0.628475
123.606506,0.759608,0.628486
123.614838,0.759593,0.628565
123.623169,0.759578,0.628621
123.631500,0.759560,0.628618
123.639832,0.759528,0.628646
123.648163,0.759481,0.628561
123.656494,0.759436,0.628448
123.664825,0.759391,0.628338
123.673157,0.759331,0.628139
123.681488,0.759277,0.627963
123.689819,0.759226,0.627790
123.698151,0.759176,0.627612
123.706482,0.759092,0.627296
123.714813,0.759007,0.626922
123.723145,0.758931,0.626570
123.731476,0.758858,0.626233
123.739807,0.758782,0.625915
123.748138,0.758703,0.625525
123.756470,0.758625,0.625127
123.764801,0.758549,0.624739
123.773132,0.758418,0.624020
123.781464,0.758309,0.623393
123.789803,0.758221,0.622899
123.798126,0.758143,0.622487
123.806465,0.758065,0.622072
123.814796,0.758006,0.621806
123.823128,0.757961,0.621620
123.831459,0.757926,0.621487
123.839790,0.757868,0.621277
123.848122,0.757815,0.621056
123.856453,0.757763,0.620826
123.864784,0.757712,0.620593
123.873116,0.757673,0.620439
123.881447,0.757621,0.620189
123.889778,0.757572,0.619932
123.898109,0.757528,0.619698
123.906441,0.757469,0.619408
123.914772,0.757410,0.619101
123.923103,0.757362,0.618850
123.931435,0.757323,0.618653
123.939766,0.757275,0.618398
123.948097,0.757233,0.618176
123.956429,0.757197,0.617989
123.964760,0.757166,0.617835
123.973091,0.757118,0.617571
123.981422,0.757085,0.617410
123.989754,0.757053,0.617246
123.998085,0.757018,0.617029
124.006416,0.756971,0.616737
124.014748,0.756937,0.616518
124.023079,0.756909,0.616344
124.031410,0.756887,0.616202
124.039742,0.756837,0.615851
124.048073,0.756807,0.615651
124.056404,0.756786,0.615515
124.064735,0.756764,0.615365
124.073067,0.756743,0.615210
124.081406,0.756722,0.615049
124.089729,0.756687,0.614792
124.098068,0.756670,0.614652
124.106400,0.756647,0.614480
124.114731,0.756628,0.614330
124.123062,0.756615,0.614225
124.131393,0.756606,0.614159
124.139725,0.756597,0.614085
124.148056,0.756594,0.614057
124.156387,0.756594,0.614062
124.164719,0.756597,0.614089
124.173050,0.756597,0.614093
124.181381,0.756605,0.614160
124.189713,0.756617,0.614260
124.198044,0.756631,0.614377
124.206375,0.756641,0.614464
124.214706,0.756650,0.614537
124.223038,0.756656,0.614586
124.231369,0.756657,0.614587
124.239700,0.756669,0.614682
124.248032,0.756682,0.614788
124.256363,0.756693,0.614877
124.264694,0.756705,0.614972
124.273026,0.756709,0.614996
124.281357,0.756702,0.614932
124.289688,0.756702,0.614921
124.298019,0.756708,0.614967
124.306351,0.756694,0.614839
124.314682,0.756692,0.614816
124.323013,0.756688,0.614779
124.331345,0.756682,0.614717
124.339676,0.756675,0.614646
124.348007,0.756665,0.614556
124.356339,0.756658,0.614490
124.364677,0.756653,0.614449
124.373009,0.756634,0.614282
124.381340,0.756619,0.614149
124.389671,0.756607,0.614033
124.398003,0.756594,0.613918
124.406334,0.756581,0.613803
124.414665,0.756573,0.613730
124.422997,0.756565,0.613658
124.431328,0.756556,0.613583
124.439659,0.756549,0.613519
124.447990,0.756545,0.613488
124.456322,0.756539,0.613441
124.464653,0.756533,0.613388
124.472984,0.756537,0.613422
124.481316,0.756543,0.613474
124.489647,0.756549,0.613531
124.497978,0.756545,0.613495
124.506310,0.756543,0.613477
124.514641,0.756541,0.613462
124.522972,0.756542,0.613468
124.531303,0.756542,0.613475
124.539635,0.756533,0.613401
124.547966,0.756529,0.613361
124.556297,0.756524,0.613315
124.564629,0.756518,0.613262
124.572960,0.756518,0.613269
124.581291,0.756519,0.613282
124.589622,0.756514,0.613238
124.597954,0.756504,0.613156
124.606285,0.756486,0.613004
124.614616,0.756462,0.612804
124.622948,0.756444,0.612653
124.631287,0.756431,0.612540
124.639610,0.756416,0.612422
124.647949,0.756413,0.612393
124.656281,0.756409,0.612362
124.664612,0.756403,0.612321
124.672943,0.756376,0.612091
124.681274,0.756359,0.611960
124.689606,0.756340,0.611807
124.697937,0.756320,0.611637
124.706268,0.756301,0.611486
124.714600,0.756280,0.611316
124.722931,0.756268,0.611225
124.731262,0.756262,0.611181
124.739594,0.756242,0.611016
124.747925,0.756235,0.610965
124.756256,0.756228,0.610905
124.764587,0.743780,0.610843
124.772919,0.743783,0.610810
124.781250,0.743783,0.610797
124.789581,0.743774,0.610853
124.797913,0.743758,0.610965
124.806244,0.743729,0.611180
124.814575,0.743699,0.611386
124.822906,0.743664,0.611624
124.831238,0.743621,0.611907
124.839569,0.743573,0.612235
124.847900,0.743524,0.612536
124.856232,0.743481,0.612802
124.864563,0.743442,0.613046
124.872894,0.743381,0.613413
124.881226,0.743258,0.614148
124.889557,0.743158,0.614703
124.897888,0.743080,0.615096
124.906219,0.742998,0.615490
124.914551,0.742900,0.615978
124.922890,0.742817,0.616381
124.931213,0.742745,0.616716
124.939552,0.742593,0.617395
124.947884,0.742482,0.617851
124.956215,0.742376,0.618249
124.964546,0.742270,0.618619
124.972878,0.742154,0.618990
124.981209,0.742015,0.619489
124.989540,0.741889,0.619932
124.997871,0.741779,0.620302
125.006203,0.741571,0.620995
125.014534,0.741395,0.621594
125.022865,0.741229,0.622119
125.031197,0.741062,0.622609
125.039528,0.740884,0.623151
125.047859,0.740682,0.623716
125.056190,0.740492,0.624265
125.064522,0.740317,0.624797
125.072853,0.740038,0.625555
125.081184,0.739801,0.626198
125.089516,0.739564,0.626820
125.097847,0.739313,0.627447
125.106178,0.739039,0.628095
125.114510,0.738783,0.628626
125.122841,0.738558,0.629095
125.131172,0.738361,0.629522
125.139503,0.738002,0.630181
125.147835,0.737704,0.630713
125.156166,0.737420,0.631194
125.164497,0.737126,0.631674
125.172829,0.736804,0.632216
125.181160,0.736484,0.632754
125.189491,0.736192,0.633223
125.197823,0.735925,0.633631
125.206161,0.735533,0.634146
125.214493,0.735186,0.634576
125.222824,0.734867,0.634968
125.231155,0.734555,0.635350
125.239487,0.734206,0.635775
125.247818,0.733835,0.636271
125.256149,0.733555,0.636631
125.264481,0.733364,0.636854
125.272812,0.733114,0.637131
125.281143,0.732565,0.637674
125.289474,0.732056,0.638129
125.297806,0.731687,0.638472
125.306137,0.731389,0.638812
125.314468,0.731002,0.639119
125.322800,0.730675,0.639400
125.331131,0.730399,0.639673
125.339462,0.729903,0.640123
125.347794,0.729549,0.640408
125.356125,0.729179,0.640747
125.364456,0.728807,0.641106
125.372787,0.728460,0.641428
125.381119,0.728055,0.641830
125.389450,0.727685,0.642231
125.397781,0.727328,0.642632
125.406113,0.726926,0.643076
125.414444,0.726522,0.643488
125.422775,0.726130,0.643929
125.431107,0.725753,0.644374
125.439438,0.725391,0.644793
125.447769,0.725001,0.645221
125.456100,0.724669,0.645580
125.464432,0.724372,0.645899
125.472771,0.723873,0.646404
125.481094,0.723541,0.646628
125.489433,0.723230,0.646644
125.497765,0.722944,0.646478
125.506096,0.722680,0.646214
125.514427,0.722482,0.645439
125.522758,0.722292,0.644554
125.531090,0.722107,0.643545
125.539421,0.721928,0.642252
125.547752,0.721749,0.641210
125.556084,0.721591,0.639913
125.564415,0.721447,0.638497
125.572746,0.721300,0.637291
125.581078,0.721173,0.635884
125.589409,0.721071,0.634689
125.597740,0.720982,0.633632
125.606071,0.720814,0.631568
125.614403,0.720649,0.630056
125.622734,0.720470,0.628640
125.631065,0.720279,0.627329
125.639397,0.720085,0.626153
125.647728,0.719811,0.625057
125.656059,0.719610,0.624350
125.664391,0.719454,0.623860
125.672722,0.719292,0.623360
125.681053,0.718598,0.621803
125.689384,0.717860,0.620413
125.697716,0.717304,0.619389
125.706047,0.716799,0.618593
125.714378,0.716247,0.617809
125.722710,0.715680,0.617121
125.731041,0.715020,0.616409
125.739372,0.714266,0.615671
125.747704,0.713600,0.615016
125.756035,0.712801,0.614330
125.764374,0.712023,0.613760
125.772697,0.711245,0.613242
125.781036,0.710406,0.612688
125.789368,0.709591,0.612227
125.797699,0.708653,0.611752
125.806030,0.707571,0.611278
125.814362,0.706564,0.610910
125.822693,0.705299,0.610645
125.831024,0.703993,0.610541
125.839355,0.702686,0.610502
125.847687,0.701374,0.610435
125.856018,0.700092,0.610343
125.864349,0.698574,0.610231
125.872681,0.696666,0.610078
125.881012,0.695168,0.609908
125.889343,0.693479,0.609943
125.897675,0.691831,0.610005
125.906006,0.690224,0.610068
125.914337,0.688641,0.610136
125.922668,0.687123,0.610308
125.931000,0.685348,0.610551
125.939331,0.683121,0.610878
125.947662,0.681405,0.611093
125.955994,0.679387,0.611368
125.964325,0.677568,0.611582
125.972656,0.675857,0.611769
125.980988,0.674094,0.611989
125.989319,0.672545,0.611994
125.997650,0.670773,0.611995
126.005981,0.668761,0.612023
126.014313,0.667255,0.611981
126.022644,0.665415,0.611914
126.030975,0.663759,0.611804
126.039307,0.662476,0.611677
126.047646,0.661832,0.611566
126.055969,0.661185,0.611454
126.064308,0.660536,0.611340
126.072639,0.658226,0.610615
126.080971,0.656093,0.609744
126.089302,0.653907,0.608694
126.097633,0.652382,0.607882
126.105965,0.651232,0.607253
126.114296,0.650198,0.606565
126.122627,0.649035,0.605860
126.130959,0.647910,0.605092
126.139290,0.646891,0.604346
126.147621,0.646016,0.603752
126.155952,0.644968,0.602966
126.164284,0.644045,0.602191
126.172615,0.643216,0.601461
126.180946,0.642386,0.600771
126.189278,0.641683,0.600185
126.197609,0.640897,0.599539
126.205940,0.639942,0.598766
126.214272,0.639258,0.598189
126.222603,0.638401,0.597605
126.230934,0.637590,0.597209
126.239265,0.636806,0.596918
126.247597,0.635987,0.596665
126.255928,0.635225,0.596574
126.264259,0.634302,0.596534
126.272591,0.633078,0.596572
126.280922,0.632106,0.596587
126.289253,0.630926,0.596795
126.297585,0.629804,0.596994
126.305916,0.628726,0.597157
126.314255,0.627654,0.597277
126.322578,0.626625,0.597401
126.330917,0.625424,0.597530
126.339249,0.623909,0.597618
126.347580,0.622852,0.597593
126.355911,0.621461,0.597641
126.364243,0.620187,0.597745
126.372574,0.618993,0.597830
126.380905,0.617773,0.597798
126.389236,0.616624,0.597934
126.397568,0.615329,0.598069
126.405899,0.613920,0.598140
126.414230,0.612819,0.598146
126.422562,0.611505,0.598149
126.430893,0.610281,0.598185
126.439224,0.609329,0.598209
126.447556,0.608848,0.598171
126.455887,0.608366,0.598133
126.464218,0.607601,0.598101
126.472549,0.605887,0.598068
126.480881,0.604165,0.598013
126.489212,0.602744,0.597960
126.497543,0.601619,0.597818
126.505875,0.600638,0.597622
126.514206,0.599731,0.597395
126.522537,0.598850,0.597071
126.530869,0.597824,0.596655
126.539200,0.596533,0.596093
126.547531,0.595598,0.595645
126.555862,0.594465,0.595081
126.564194,0.593418,0.594597
126.572525,0.592433,0.594140
126.580856,0.591468,0.593631
126.589188,0.590539,0.593183
126.597519,0.589573,0.592693
126.605850,0.588524,0.592108
126.614189,0.587058,0.591426
126.622520,0.585830,0.590707
126.630852,0.584669,0.589965
126.639183,0.583526,0.589243
126.647514,0.582374,0.588599
126.655846,0.580912,0.587655
126.664177,0.579548,0.586741
126.672508,0.578301,0.585899
126.680840,0.577124,0.585105
126.689171,0.575897,0.584369
126.697502,0.574520,0.583529
126.705833,0.573013,0.582537
126.714165,0.571837,0.581769
126.722496,0.570415,0.580862
126.730827,0.569077,0.580005
126.739159,0.567848,0.579238
126.747490,0.566725,0.578589
126.755821,0.565612,0.577905
126.764153,0.564283,0.577143
126.772484,0.562677,0.576321
126.780815,0.561561,0.575698
126.789146,0.560226,0.575101
126.797478,0.559001,0.574541
126.805809,0.557868,0.574021
126.814140,0.556778,0.573558
126.822472,0.555814,0.573172
126.830803,0.554683,0.572765
126.839134,0.553189,0.572312
126.847466,0.552221,0.571996
126.855797,0.551021,0.571497
126.864128,0.549890,0.570975
126.872459,0.548843,0.570474
126.880791,0.547856,0.570009
126.889130,0.546851,0.569685
126.897453,0.545852,0.569388
126.905792,0.544844,0.569108
126.914124,0.543705,0.568903
126.922455,0.542603,0.568586
126.930786,0.541610,0.568395
126.939117,0.540668,0.568257
126.947449,0.539751,0.568103
126.955780,0.538821,0.567863
126.964111,0.537803,0.567551
126.972443,0.536531,0.567113
126.980774,0.535626,0.566682
126.989105,0.534664,0.566240
126.997437,0.533755,0.565791
127.005768,0.532934,0.565340
127.014099,0.531971,0.564789
127.022430,0.531094,0.564324
127.030762,0.530238,0.563861
127.039093,0.529216,0.563144
127.047424,0.528321,0.562655
127.055756,0.527421,0.562008
127.064087,0.526512,0.561194
127.072418,0.525639,0.560412
127.080750,0.524733,0.559683
127.089081,0.523915,0.559016
127.097412,0.523180,0.558397
127.105743,0.522178,0.557604
127.114075,0.521213,0.556986
127.122406,0.520269,0.556439
127.130737,0.519351,0.555921
127.139069,0.518506,0.555408
127.147400,0.517630,0.554894
127.155731,0.516829,0.554422
127.164062,0.516112,0.553995
127.172401,0.514908,0.553285
127.180733,0.514038,0.552737
127.189064,0.513153,0.552138
127.197395,0.512220,0.551487
127.205727,0.511397,0.550955
127.214058,0.510513,0.550420
127.222389,0.509710,0.549966
127.230721,0.509017,0.549603
127.239052,0.508270,0.549213
127.247383,0.507330,0.548729
127.255714,0.506059,0.548088
127.264046,0.505126,0.547619
127.272377,0.504320,0.547206
127.280708,0.503444,0.546752
127.289040,0.502596,0.546371
127.297371,0.501774,0.546055
127.305702,0.500791,0.545593
127.314034,0.499912,0.545124
127.322365,0.499008,0.544640
127.330696,0.498059,0.544127
127.339027,0.497171,0.543571
127.347359,0.496202,0.543067
127.355690,0.495284,0.542563
127.364021,0.494446,0.542042
127.372353,0.493318,0.541463
127.380684,0.492357,0.540888
127.389015,0.491373,0.540330
127.397346,0.490336,0.539785
127.405678,0.489364,0.539218
127.414009,0.488388,0.538650
127.422340,0.487524,0.538128
127.430672,0.486787,0.537661
127.439003,0.485581,0.536888
127.447334,0.484476,0.536104
127.455673,0.483492,0.535432
127.464005,0.482526,0.534835
127.472336,0.481518,0.534161
127.480667,0.480532,0.533468
127.488998,0.479643,0.532796
127.497330,0.478849,0.532147
127.505661,0.477727,0.531232
127.513992,0.476810,0.530287
127.522324,0.475893,0.529255
127.530655,0.474945,0.528155
127.538986,0.474109,0.527182
127.547318,0.473216,0.525969
127.555649,0.472353,0.524821
127.563980,0.471537,0.523810
127.572311,0.470609,0.522631
127.580643,0.469700,0.521502
127.588974,0.468737,0.520492
127.597305,0.467745,0.519633
127.605637,0.466910,0.518874
127.613968,0.466030,0.518046
127.622299,0.465188,0.517307
127.630630,0.464422,0.516724
127.638962,0.463621,0.516103
127.647293,0.462674,0.515339
127.655624,0.461328,0.514162
127.663956,0.460271,0.513271
127.672287,0.459414,0.512626
127.680618,0.458466,0.511979
127.688950,0.457616,0.511340
127.697281,0.456772,0.510692
127.705612,0.455779,0.509984
127.713943,0.454879,0.509349
127.722275,0.453970,0.508652
127.730614,0.453088,0.507986
127.738937,0.452264,0.507431
127.747276,0.451396,0.506745
127.755608,0.450582,0.506125
127.763939,0.449775,0.505500
127.772270,0.448906,0.504743
127.780602,0.448073,0.504081
127.788933,0.447233,0.503421
127.797264,0.446433,0.502810
127.805595,0.445699,0.502272
127.813927,0.444899,0.501621
127.822258,0.444234,0.501051
127.830589,0.443635,0.500523
127.838921,0.442694,0.499859
127.847252,0.441970,0.499243
127.855583,0.441271,0.498674
127.863914,0.440635,0.498132
127.872246,0.440076,0.497596
127.880577,0.439484,0.497175
127.888908,0.438917,0.496783
127.897240,0.438390,0.496402
127.905571,0.437912,0.496004
127.913902,0.437433,0.495628
127.922234,0.436938,0.495255
127.930565,0.436509,0.494947
127.938896,0.436199,0.494736
127.947227,0.435953,0.494518
127.955559,0.435716,0.494298
127.963890,0.435233,0.493941
127.972221,0.434911,0.493678
127.980553,0.434757,0.493449
127.988884,0.434580,0.493129
127.997215,0.434431,0.492789
128.005554,0.434325,0.492471
128.013885,0.434288,0.492127
128.022217,0.434240,0.491919
128.030548,0.434185,0.491782
128.038879,0.434134,0.491643
128.047211,0.434155,0.491453
128.055542,0.434059,0.491475
128.063873,0.434030,0.491571
128.072205,0.434050,0.491728
128.080536,0.434070,0.491824
128.088867,0.434109,0.492017
128.097198,0.434156,0.492240
128.105530,0.434226,0.492474
128.113861,0.434299,0.492568
128.122192,0.434390,0.492551
128.130524,0.434438,0.492574
128.138855,0.434468,0.492555
128.147186,0.434485,0.492411
128.155518,0.434460,0.492390
128.163849,0.434480,0.492246
128.172180,0.434491,0.492110
128.180511,0.434439,0.492099
128.188843,0.434421,0.491975
128.197174,0.434334,0.491935
128.205505,0.434233,0.491934
128.213837,0.434174,0.491954
128.222168,0.434085,0.491984
128.230499,0.433972,0.492031
128.238831,0.433722,0.492388
128.247162,0.433465,0.492716
128.255493,0.433241,0.493069
128.263824,0.432995,0.493461
128.272156,0.432757,0.493849
128.280487,0.432560,0.494188
128.288818,0.432113,0.494640
128.297150,0.431694,0.495040
128.305481,0.431333,0.495381
128.313812,0.430894,0.495720
128.322144,0.430424,0.496029
128.330475,0.430002,0.496372
128.338806,0.429613,0.496640
128.347137,0.429250,0.496748
128.355469,0.428935,0.496844
128.363800,0.428547,0.496903
128.372131,0.428040,0.496792
128.380463,0.427717,0.496575
128.388794,0.427336,0.496237
128.397125,0.426989,0.495849
128.405457,0.426668,0.495430
128.413788,0.426373,0.494983
128.422119,0.426120,0.494595
128.430450,0.425835,0.494139
128.438782,0.425483,0.493470
128.447128,0.425258,0.492904
128.455460,0.424975,0.492363
128.463791,0.424702,0.491794
128.472122,0.424452,0.491204
128.480453,0.424256,0.490635
128.488785,0.424076,0.490097
128.497116,0.423905,0.489496
128.505447,0.423750,0.488648
128.513779,0.423581,0.488075
128.522110,0.423408,0.487404
128.530441,0.423246,0.486774
128.538773,0.423101,0.486278
128.547104,0.422945,0.485914
128.555435,0.422835,0.485549
128.563766,0.422751,0.485183
128.572098,0.422633,0.484799
128.580429,0.422532,0.484290
128.588760,0.422432,0.483936
128.597092,0.422346,0.483643
128.605423,0.422281,0.483316
128.613754,0.422196,0.483102
128.622086,0.422137,0.482903
128.630417,0.422059,0.482727
128.638748,0.421929,0.482574
128.647079,0.421897,0.482474
128.655411,0.421860,0.482440
128.663742,0.421815,0.482451
128.672073,0.421692,0.482411
128.680405,0.421619,0.482573
128.688736,0.421548,0.482765
128.697067,0.421468,0.482940
128.705399,0.421376,0.483066
128.713730,0.421325,0.483299
128.722061,0.421246,0.483495
128.730392,0.421145,0.483658
128.738724,0.421084,0.483991
128.747055,0.420993,0.484173
128.755386,0.420897,0.484396
128.763718,0.420790,0.484608
128.772049,0.420668,0.484748
128.780380,0.420564,0.484893
128.788712,0.420448,0.484999
128.797043,0.420317,0.485067
128.805374,0.420130,0.485027
128.813705,0.419979,0.485009
128.822037,0.419813,0.484931
128.830368,0.419619,0.484775
128.838699,0.419405,0.484585
128.847031,0.419290,0.484362
128.855362,0.419185,0.484135
128.863693,0.419080,0.483908
128.872025,0.418625,0.483276
128.880356,0.417862,0.482172
128.888687,0.416973,0.481088
128.897018,0.416145,0.480138
128.905350,0.415439,0.479349
128.913681,0.414724,0.478470
128.922012,0.414156,0.477730
128.930344,0.413443,0.476762
128.938675,0.412453,0.475311
128.947006,0.411692,0.474107
128.955338,0.410780,0.472688
128.963669,0.409896,0.471486
128.972000,0.408996,0.470275
128.980331,0.408036,0.468875
128.988663,0.407278,0.467798
128.997009,0.406332,0.466440
129.005341,0.405027,0.464533
129.013672,0.403982,0.462988
129.022003,0.402869,0.461401
129.030334,0.401809,0.459839
129.038666,0.400761,0.458283
129.046997,0.399695,0.456717
129.055328,0.398734,0.455256
129.063660,0.397566,0.453525
129.071991,0.396109,0.451421
129.080322,0.394993,0.449740
129.088654,0.393674,0.447585
129.096985,0.392452,0.445575
129.105316,0.391244,0.443575
129.113647,0.389982,0.441471
129.121979,0.388952,0.439612
129.130310,0.387719,0.437344
129.138641,0.386269,0.434603
129.146973,0.385111,0.432317
129.155304,0.383672,0.429319
129.163635,0.382392,0.426447
129.171967,0.381166,0.423583
129.180298,0.379928,0.420622
129.188629,0.378884,0.417397
129.196960,0.377701,0.413394
129.205292,0.376443,0.408347
129.213623,0.375427,0.403155
129.221954,0.374433,0.397426
129.230286,0.373522,0.391808
129.238617,0.372810,0.387316
129.246948,0.372387,0.384848
129.255280,0.371971,0.382379
129.263611,0.371147,0.377760
129.271942,0.369523,0.369788
129.280273,0.367940,0.362660
129.288605,0.366773,0.357963
129.296936,0.365788,0.354118
129.305267,0.364871,0.350509
129.313599,0.363977,0.346905
129.321930,0.363256,0.344112
129.330261,0.362414,0.340903
129.338593,0.361241,0.336600
129.346924,0.360353,0.333302
129.355255,0.359434,0.330166
129.363586,0.358585,0.327441
129.371918,0.357764,0.324796
129.380249,0.356948,0.322025
129.388580,0.356344,0.320286
129.396912,0.355642,0.318343
129.405243,0.354595,0.315727
129.413574,0.353776,0.313646
129.421906,0.353013,0.311920
129.430237,0.352369,0.310218
129.438568,0.351790,0.308677
129.446899,0.351245,0.307424
129.455231,0.350768,0.306297
129.463562,0.350228,0.305126
129.471893,0.349505,0.303882
129.480225,0.349098,0.303072
129.488556,0.348634,0.302238
129.496887,0.348267,0.301633
129.505219,0.347931,0.301105
129.513550,0.347599,0.300591
129.521881,0.347358,0.300384
129.530212,0.347117,0.300102
129.538544,0.346898,0.299804
129.546875,0.346725,0.299668
129.555222,0.346552,0.299513
129.563538,0.346416,0.299385
129.571884,0.346307,0.299359
129.580215,0.346217,0.299474
129.588547,0.346124,0.299469
129.596878,0.346034,0.299466
129.605209,0.345955,0.299459
129.613541,0.345890,0.299429
129.621872,0.345799,0.299454
129.630203,0.345698,0.299498
129.638535,0.345596,0.299532
129.646866,0.345498,0.299533
129.655197,0.345422,0.299509
129.663528,0.345331,0.299466
129.671860,0.345132,0.299280
129.680191,0.345012,0.299020
129.688522,0.344931,0.298791
129.696854,0.344865,0.298510
129.705185,0.344818,0.298196
129.713516,0.344795,0.297856
129.721848,0.344776,0.297550
129.730179,0.344807,0.297101
129.738510,0.344938,0.296441
129.746841,0.345094,0.295964
129.755173,0.345246,0.295441
129.763504,0.345440,0.294901
129.771835,0.345670,0.294372
129.780167,0.345881,0.293930
129.788498,0.346049,0.293608
129.796829,0.346215,0.293334
129.805161,0.346453,0.293121
129.813492,0.346644,0.293073
129.821823,0.346801,0.293127
129.830154,0.346962,0.293261
129.838486,0.347138,0.293462
129.846817,0.347314,0.293836
129.855148,0.347446,0.294105
129.863480,0.347566,0.294345
129.871811,0.347748,0.295211
129.880142,0.347883,0.295759
129.888474,0.348042,0.296586
129.896805,0.348178,0.297511
129.905136,0.348278,0.298430
129.913467,0.348406,0.299690
129.921799,0.348537,0.300770
129.930130,0.348676,0.301812
129.938461,0.348950,0.303818
129.946793,0.349183,0.305541
129.955124,0.349398,0.307323
129.963455,0.349631,0.309097
129.971786,0.349891,0.310847
129.980118,0.350265,0.313067
129.988449,0.350584,0.314936
129.996780,0.350899,0.316736
130.005112,0.351599,0.319770
130.013443,0.352127,0.322172
130.021774,0.352732,0.324547
130.030106,0.353336,0.326738
130.038437,0.353912,0.328724
130.046768,0.354671,0.331122
130.055099,0.355223,0.332729
130.063431,0.355685,0.333991
130.071762,0.356448,0.336039
130.080093,0.358153,0.340396
130.088425,0.359808,0.343935
130.096756,0.361121,0.346487
130.105087,0.362416,0.348897
130.113419,0.363832,0.351424
130.121765,0.365195,0.353758
130.130096,0.366659,0.356279
130.138428,0.368229,0.358921
130.146759,0.369887,0.361540
130.155090,0.371554,0.364098
130.163422,0.373110,0.366487
130.171753,0.374673,0.368860
130.180084,0.376336,0.371326
130.188416,0.377951,0.373781
130.196747,0.379706,0.376433
130.205078,0.381568,0.379212
130.213409,0.383424,0.381923
130.221741,0.385540,0.384847
130.230072,0.387487,0.387472
130.238403,0.389491,0.390118
130.246735,0.391803,0.393101
130.255066,0.393719,0.395607
130.263397,0.395945,0.398307
130.271729,0.398487,0.401223
130.280060,0.401129,0.404222
130.288391,0.403743,0.406921
130.296722,0.406269,0.409557
130.305054,0.408923,0.412310
130.313385,0.411881,0.415336
130.321716,0.414419,0.417796
130.330048,0.417489,0.420679
130.338379,0.421174,0.423982
130.346710,0.424640,0.426929
130.355042,0.427956,0.429629
130.363373,0.431181,0.432224
130.371704,0.434477,0.434808
130.380035,0.437923,0.437413
130.388367,0.440860,0.439658
130.396698,0.444265,0.442208
130.405029,0.448146,0.445033
130.413361,0.451755,0.447556
130.421692,0.455428,0.450206
130.430023,0.458643,0.452558
130.438354,0.461798,0.454855
130.446686,0.465109,0.457220
130.455017,0.467675,0.459053
130.463348,0.470767,0.461188
130.471680,0.474414,0.463654
130.480011,0.477501,0.465812
130.488342,0.480368,0.467814
130.496674,0.483107,0.469784
130.505005,0.485741,0.471687
130.513336,0.488262,0.473472
130.521667,0.490416,0.475088
130.529999,0.492768,0.476916
130.538330,0.495766,0.479357
130.546661,0.498178,0.481202
130.554993,0.500513,0.483072
130.563324,0.502650,0.484769
130.571655,0.504658,0.486353
130.579987,0.506814,0.488167
130.588318,0.508388,0.489465
130.596649,0.509822,0.490636
130.604980,0.511729,0.492342
130.613312,0.514003,0.494330
130.621643,0.515864,0.496054
130.629974,0.517420,0.497554
130.638306,0.518860,0.498942
130.646637,0.520523,0.500578
130.654968,0.522098,0.502144
130.663300,0.523531,0.503554
130.671631,0.524832,0.504795
130.679977,0.526163,0.506335
130.688293,0.527225,0.507543
130.696640,0.528138,0.508546
130.704971,0.529657,0.510436
130.713303,0.530800,0.511862
130.721634,0.531796,0.513234
130.729965,0.532708,0.514544
130.738297,0.533595,0.515745
130.746628,0.534578,0.517135
130.754959,0.535383,0.518207
130.763290,0.536079,0.519078
130.771622,0.537064,0.520541
130.779953,0.537747,0.521650
130.788284,0.538447,0.522665
130.796616,0.539137,0.523612
130.804947,0.539746,0.524495
130.813278,0.540416,0.525419
130.821609,0.540977,0.526151
130.829941,0.541446,0.526729
130.838272,0.542353,0.527720
130.846603,0.542961,0.528473
130.854935,0.543624,0.529149
130.863266,0.544386,0.529721
130.871597,0.545018,0.530165
130.879929,0.545762,0.530706
130.888260,0.546431,0.531083
130.896591,0.547024,0.531318
130.904922,0.547738,0.531633
130.913254,0.548545,0.532000
130.921585,0.550264,0.532838
130.929916,0.551730,0.533714
130.938248,0.552882,0.534416
130.946579,0.554188,0.535257
130.954910,0.555411,0.536039
130.963242,0.556513,0.536725
130.971573,0.558046,0.537680
130.979904,0.559348,0.538447
130.988235,0.560681,0.539148
130.996567,0.562054,0.539809
131.004898,0.563310,0.540465
131.013229,0.564687,0.541102
131.021561,0.565929,0.541684
131.029892,0.567019,0.542220
131.038223,0.568744,0.542953
131.046555,0.570109,0.543563
131.054886,0.571415,0.544170
131.063217,0.572684,0.544767
131.071548,0.573796,0.545277
131.079880,0.574980,0.545868
131.088211,0.576081,0.546389
131.096542,0.577091,0.546830
131.104874,0.578340,0.547421
131.113205,0.579421,0.547939
131.121536,0.580451,0.548446
131.129868,0.581431,0.548950
131.138199,0.582308,0.549442
131.146530,0.583130,0.549919
131.154861,0.583827,0.550341
131.163193,0.584383,0.550698
131.171524,0.585248,0.551247
131.179855,0.586039,0.551720
131.188187,0.586655,0.552062
131.196518,0.587185,0.552365
131.204849,0.587681,0.552704
131.213181,0.588167,0.552931
131.221512,0.588536,0.553142
131.229843,0.588828,0.553352
131.238174,0.589244,0.553618
131.246506,0.589596,0.553812
131.254852,0.589896,0.553998
131.263184,0.590161,0.554180
131.271515,0.590409,0.554357
131.279846,0.590643,0.554467
131.288177,0.590839,0.554550
131.296509,0.591007,0.554623
131.304840,0.591142,0.554757
131.313171,0.591325,0.554924
131.321503,0.591506,0.555133
131.329834,0.591599,0.555290
131.338165,0.591671,0.555379
131.346497,0.591698,0.555586
131.354828,0.591668,0.555708
131.363159,0.591617,0.555801
131.371490,0.591529,0.555885
131.379822,0.591367,0.555944
131.388153,0.591145,0.555943
131.396484,0.590916,0.555901
131.404816,0.590674,0.555840
131.413147,0.590325,0.555670
131.421478,0.590063,0.555579
131.429810,0.589756,0.555469
131.438141,0.589325,0.555295
131.446472,0.588944,0.555148
131.454803,0.588453,0.554968
131.463135,0.587969,0.554834
131.471466,0.587503,0.554733
131.479797,0.586922,0.554433
131.488129,0.586495,0.554223
131.496460,0.586110,0.554037
131.504791,0.585180,0.553658
131.513123,0.584599,0.553264
131.521454,0.583953,0.552834
131.529785,0.583366,0.552393
131.538116,0.582820,0.551935
131.546448,0.582162,0.551351
131.554779,0.581650,0.550851
131.563110,0.581094,0.550310
131.571442,0.580293,0.549566
131.579773,0.579726,0.548940
131.588104,0.579061,0.548277
131.596436,0.578433,0.547709
131.604767,0.577853,0.547217
131.613098,0.577249,0.546642
131.621429,0.576784,0.546274
131.629761,0.576355,0.545961
131.638092,0.575400,0.545225
131.646423,0.574847,0.544792
131.654755,0.574278,0.544329
131.663086,0.573721,0.543920
131.671417,0.573182,0.543566
131.679749,0.572655,0.543236
131.688080,0.572290,0.543053
131.696411,0.571966,0.542908
131.704742,0.571440,0.542774
131.713074,0.570588,0.542571
131.721405,0.569929,0.542449
131.729736,0.569379,0.542326
131.738068,0.568863,0.542199
131.746399,0.568349,0.542136
131.754730,0.567863,0.542004
131.763062,0.567343,0.541847
131.771393,0.566702,0.541657
131.779724,0.566098,0.541532
131.788055,0.565471,0.541362
131.796387,0.564856,0.541186
131.804733,0.564244,0.540994
131.813065,0.563576,0.540702
131.821396,0.563016,0.540485
131.829727,0.562406,0.540220
131.838058,0.561524,0.539684
131.846390,0.560873,0.539289
131.854721,0.560098,0.538804
131.863052,0.559383,0.538345
131.871384,0.558722,0.537907
131.879715,0.558066,0.537438
131.888046,0.557475,0.536906
131.896378,0.556837,0.536339
131.904709,0.556059,0.535662
131.913040,0.555355,0.534859
131.921371,0.554668,0.534043
131.929703,0.554062,0.533324
131.938034,0.553499,0.532656
131.946365,0.552776,0.531582
131.954697,0.552218,0.530848
131.963028,0.551635,0.530101
131.971359,0.551014,0.529306
131.979691,0.550400,0.528396
131.988022,0.549780,0.527619
131.996353,0.549229,0.526893
132.004684,0.548719,0.526172
132.013016,0.548185,0.525350
132.021347,0.547767,0.524741
132.029678,0.547325,0.524078
132.038010,0.546753,0.523154
132.046341,0.546226,0.522336
132.054672,0.545808,0.521386
132.063004,0.545437,0.520508
132.071335,0.545088,0.519679
132.079666,0.544737,0.518834
132.087997,0.544503,0.518360
132.096329,0.544292,0.517963
132.104660,0.543901,0.517167
132.112991,0.543466,0.516314
132.121323,0.543177,0.515797
132.129654,0.542918,0.515407
132.137985,0.542667,0.515105
132.146317,0.542387,0.514841
132.154648,0.542137,0.514597
132.162979,0.541914,0.514370
132.171310,0.541711,0.514152
132.179642,0.541507,0.514085
132.187973,0.541381,0.514057
132.196304,0.541264,0.514056
132.204636,0.541105,0.514086
132.212967,0.540917,0.514252
132.221298,0.540785,0.514356
132.229630,0.540682,0.514415
132.237961,0.540575,0.514710
132.246292,0.540501,0.514839
132.254623,0.540451,0.514984
132.262955,0.540430,0.515108
132.271286,0.540427,0.515162
132.279617,0.540455,0.515230
132.287949,0.540488,0.515255
132.296280,0.540522,0.515257
132.304611,0.540602,0.515259
132.312943,0.540671,0.515162
132.321274,0.540738,0.515063
132.329605,0.540793,0.514982
132.337936,0.540823,0.514926
132.346268,0.540934,0.514751
132.354599,0.541014,0.514643
132.362946,0.541074,0.514578
132.371262,0.541233,0.514298
132.379608,0.541331,0.514102
132.387939,0.541450,0.513869
132.396271,0.541576,0.513603
132.404602,0.541685,0.513332
132.412933,0.541836,0.512972
132.421265,0.541953,0.512651
132.429596,0.542046,0.512361
132.437927,0.542254,0.511913
132.446259,0.542429,0.511569
132.454590,0.542582,0.511220
132.462921,0.542722,0.510900
132.471252,0.542858,0.510646
132.479584,0.543046,0.510419
132.487915,0.543167,0.510252
132.496246,0.543240,0.510127
132.504578,0.543353,0.509968
132.512909,0.543672,0.509608
132.521240,0.543990,0.509355
132.529572,0.544219,0.509279
132.537903,0.544443,0.509132
132.546234,0.544673,0.508879
132.554565,0.544841,0.508721
132.562897,0.545032,0.508580
132.571228,0.545282,0.508485
132.579559,0.545611,0.508533
132.587891,0.545789,0.508468
132.596222,0.546014,0.508368
132.604553,0.546259,0.508192
132.612885,0.546519,0.507958
132.621216,0.546795,0.507804
132.629547,0.547024,0.507586
132.637878,0.547271,0.507370
132.646210,0.547539,0.507182
132.654541,0.547725,0.507051
132.662872,0.547995,0.506893
132.671204,0.548322,0.506725
132.679535,0.548607,0.506584
132.687866,0.548901,0.506462
132.696198,0.549174,0.506270
132.704529,0.549450,0.506084
132.712860,0.549727,0.505946
132.721191,0.549926,0.505965
132.729523,0.550204,0.506007
132.737854,0.550529,0.506067
132.746185,0.550780,0.506118
132.754517,0.551057,0.506227
132.762848,0.551323,0.506410
132.771179,0.551571,0.506606
132.779510,0.551794,0.506791
132.787842,0.551968,0.506950
132.796173,0.552211,0.507060
132.804504,0.552490,0.507123
132.812836,0.552748,0.507177
132.821167,0.553026,0.507209
132.829498,0.553333,0.507115
132.837830,0.553642,0.507013
132.846161,0.553940,0.506934
132.854492,0.554206,0.506836
132.862823,0.554521,0.506740
132.871155,0.554854,0.506633
132.879486,0.555150,0.506512
132.887817,0.555421,0.506416
132.896149,0.555713,0.506383
132.904480,0.556016,0.506375
132.912811,0.556319,0.506362
132.921143,0.556578,0.506391
132.929474,0.556874,0.506388
132.937820,0.557190,0.506364
132.946136,0.557448,0.506377
132.954483,0.557752,0.506466
132.962814,0.557982,0.506574
132.971146,0.558180,0.506720
132.979477,0.558380,0.506955
132.987808,0.558565,0.507266
132.996140,0.558758,0.507628
133.004471,0.558992,0.508158
133.012802,0.559178,0.508572
133.021133,0.559338,0.508951
133.029465,0.559482,0.509303
133.037796,0.559614,0.509631
133.046127,0.559785,0.510039
133.054459,0.559908,0.510300
133.062790,0.560017,0.510518
133.071121,0.560143,0.510841
133.079453,0.560244,0.510931
133.087784,0.560341,0.511092
133.096115,0.560452,0.511241
133.104446,0.560586,0.511331
133.112778,0.560644,0.511428
133.121109,0.560711,0.511453
133.129440,0.560782,0.511448
133.137772,0.560869,0.511265
133.146103,0.560962,0.511155
133.154434,0.561033,0.510951
133.162766,0.561126,0.510715
133.171097,0.561263,0.510485
133.179428,0.561390,0.510236
133.187759,0.561503,0.509997
133.196091,0.561610,0.509764
133.204422,0.561766,0.509381
133.212753,0.561939,0.509181
133.221085,0.562067,0.508935
133.229416,0.562181,0.508672
133.237747,0.562297,0.508423
133.246078,0.562476,0.508228
133.254410,0.562580,0.508125
133.262741,0.562658,0.508054
133.271072,0.562819,0.507981
133.279404,0.562901,0.507952
133.287735,0.562991,0.507935
133.296066,0.563156,0.508032
133.304398,0.563252,0.508133
133.312729,0.563320,0.508245
133.321060,0.563370,0.508372
133.329391,0.563415,0.508504
133.337723,0.563522,0.508782
133.346054,0.563583,0.508960
133.354385,0.563621,0.509170
133.362717,0.563637,0.509390
133.371048,0.563628,0.509609
133.379379,0.563628,0.509939
133.387711,0.563614,0.510132
133.396042,0.563601,0.510307
133.404373,0.563599,0.510526
133.412704,0.563618,0.510743
133.421036,0.563603,0.510857
133.429367,0.563600,0.510896
133.437698,0.563631,0.510894
133.446030,0.563618,0.510818
133.454361,0.563601,0.510768
133.462692,0.563587,0.510709
133.471024,0.563580,0.510619
133.479355,0.563617,0.510540
133.487701,0.563664,0.510451
133.496017,0.563713,0.510377
133.504364,0.563762,0.510330
133.512695,0.563792,0.510187
133.521027,0.563846,0.510109
133.529358,0.563913,0.510047
133.537689,0.564006,0.509967
133.546021,0.564047,0.509901
133.554352,0.564099,0.509874
133.562683,0.564140,0.509849
133.571014,0.564163,0.509814
133.579346,0.564247,0.509980
133.587677,0.564279,0.510036
133.596008,0.564300,0.510070
133.604340,0.564370,0.510262
133.612671,0.564408,0.510293
133.621002,0.564407,0.510378
133.629333,0.564403,0.510438
133.637665,0.564407,0.510457
133.645996,0.564414,0.510515
133.654327,0.564404,0.510617
133.662659,0.564393,0.510734
133.670990,0.564401,0.510858
133.679321,0.564392,0.511007
133.687653,0.564382,0.511183
133.695984,0.564362,0.511318
133.704315,0.564332,0.511406
133.712646,0.564333,0.511505
133.720978,0.564318,0.511590
133.729309,0.564297,0.511703
133.737640,0.564272,0.511898
133.745972,0.564254,0.512129
133.754303,0.564222,0.512395
133.762634,0.564190,0.512641
133.770966,0.564168,0.512845
133.779297,0.564099,0.513091
133.787628,0.564079,0.513302
133.795959,0.564081,0.513496
133.804291,0.563989,0.513829
133.812622,0.563939,0.514122
133.820953,0.563900,0.514391
133.829285,0.563869,0.514650
133.837616,0.563843,0.514906
133.845947,0.563815,0.515135
133.854279,0.563775,0.515395
133.862610,0.563738,0.515677
133.870941,0.563736,0.516005
133.879272,0.563700,0.516340
133.887604,0.563674,0.516630
133.895935,0.563668,0.516844
133.904266,0.563671,0.517019
133.912598,0.563670,0.517355
133.920929,0.563682,0.517691
133.929260,0.563691,0.517982
133.937592,0.563703,0.518221
133.945923,0.563740,0.518369
133.954254,0.563781,0.518563
133.962585,0.563823,0.518767
133.970917,0.563892,0.519018
133.979248,0.563966,0.519186
133.987579,0.564062,0.519366
133.995911,0.564158,0.519494
134.004242,0.564248,0.519569
134.012573,0.564322,0.519603
134.020905,0.564443,0.519615
134.029236,0.564589,0.519612
134.037567,0.564784,0.519570
134.045898,0.564961,0.519512
134.054230,0.565109,0.519372
134.062576,0.565294,0.519213
134.070908,0.565506,0.519056
134.079239,0.565671,0.518921
134.087570,0.565824,0.518814
134.095901,0.565967,0.518724
134.104233,0.566083,0.518674
134.112564,0.566270,0.518475
134.120895,0.566506,0.518276
134.129227,0.566725,0.518091
134.137558,0.566940,0.517832
134.145889,0.567165,0.517419
134.154221,0.567380,0.516918
134.162552,0.567643,0.516321
134.170883,0.568110,0.515356
134.179214,0.568504,0.514273
134.187546,0.568922,0.513316
134.195877,0.569327,0.512417
134.204208,0.569715,0.511609
134.212540,0.570075,0.511006
134.220871,0.570410,0.510534
134.229202,0.570800,0.510123
134.237534,0.571250,0.509809
134.245865,0.571536,0.509607
134.254196,0.571883,0.509404
134.262527,0.572206,0.509358
134.270859,0.572495,0.509450
134.279190,0.572846,0.509371
134.287521,0.573138,0.509287
134.295853,0.573433,0.509206
134.304184,0.573806,0.509137
134.312515,0.574208,0.509035
134.320847,0.574557,0.509037
134.329178,0.574878,0.509107
134.337509,0.575176,0.509240
134.345840,0.575513,0.509390
134.354172,0.575786,0.509525
134.362503,0.576017,0.509622
134.370834,0.576214,0.509667
134.379166,0.576470,0.509766
134.387497,0.576722,0.509780
134.395828,0.576930,0.509772
134.404160,0.577087,0.509776
134.412491,0.577308,0.509715
134.420822,0.577440,0.509707
134.429153,0.577549,0.509720
134.437485,0.577680,0.509757
134.445816,0.577758,0.509854
134.454147,0.577811,0.509992
134.462479,0.577852,0.510097
134.470810,0.577882,0.510149
134.479141,0.577879,0.510293
134.487473,0.577859,0.510432
134.495804,0.577832,0.510562
134.504135,0.577775,0.510669
134.512466,0.577667,0.511004
134.520798,0.577582,0.511272
134.529129,0.577480,0.511525
134.537460,0.577346,0.511790
134.545792,0.577172,0.512075
134.554123,0.577007,0.512411
134.562454,0.576844,0.512776
134.570786,0.576600,0.513270
134.579117,0.576396,0.513607
134.587448,0.576152,0.513931
134.595779,0.575902,0.514258
134.604111,0.575678,0.514601
134.612457,0.575398,0.514894
134.620789,0.575137,0.515233
134.629120,0.574898,0.515563
134.637451,0.574690,0.515851
134.645782,0.574362,0.516192
134.654114,0.574039,0.516506
134.662445,0.573734,0.516763
134.670776,0.573452,0.516947
134.679108,0.573142,0.517189
134.687439,0.572892,0.517316
134.695770,0.572640,0.517395
134.704102,0.572348,0.517455
134.712433,0.572105,0.517383
134.720764,0.571842,0.517293
134.729095,0.571596,0.517206
134.737427,0.571382,0.517127
134.745758,0.571091,0.516913
134.754089,0.570881,0.516766
134.762421,0.570669,0.516642
134.770752,0.570366,0.516538
134.779083,0.570174,0.516435
134.787415,0.569945,0.516156
134.795746,0.569736,0.515840
134.804077,0.569563,0.515549
134.812408,0.569375,0.515255
134.820740,0.569215,0.514967
134.829071,0.569058,0.514678
134.837402,0.568886,0.514377
134.845734,0.568699,0.514101
134.854065,0.568565,0.513841
134.862396,0.568451,0.513622
134.870728,0.568347,0.513451
134.879059,0.568305,0.513369
134.887390,0.568222,0.513226
134.895721,0.568136,0.513052
134.904053,0.568063,0.512853
134.912384,0.567972,0.512703
134.920715,0.567870,0.512519
134.929047,0.567809,0.512369
134.937378,0.567769,0.512253
134.945709,0.567686,0.512141
134.954041,0.567656,0.512084
134.962372,0.567602,0.512023
134.970703,0.567483,0.511931
134.979034,0.567404,0.511851
134.987366,0.567273,0.511875
134.995697,0.567143,0.511908
135.004028,0.567024,0.511928
135.012360,0.566922,0.511925
135.020691,0.566787,0.511928
135.029022,0.566636,0.511944
135.037354,0.566450,0.512005
135.045685,0.566250,0.512096
135.054016,0.566095,0.512156
135.062347,0.565918,0.512256
135.070679,0.565718,0.512383
135.079010,0.565532,0.512475
135.087341,0.565386,0.512568
135.095673,0.565202,0.512673
135.104004,0.564942,0.512786
135.112335,0.564771,0.512817
135.120667,0.564570,0.512872
135.128998,0.564378,0.512886
135.137329,0.564191,0.512887
135.145660,0.563988,0.512950
135.153992,0.563798,0.512986
135.162323,0.563581,0.512971
135.170670,0.563330,0.512910
135.178986,0.563133,0.512960
135.187332,0.562865,0.512950
135.195663,0.562633,0.512927
135.203995,0.562421,0.512906
135.212326,0.562161,0.512902
135.220657,0.561969,0.512845
135.228989,0.561747,0.512771
135.237320,0.561429,0.512680
135.245651,0.561194,0.512623
135.253983,0.560903,0.512468
135.262314,0.560620,0.512355
135.270645,0.560356,0.512250
135.278976,0.560116,0.512070
135.287308,0.559877,0.511913
135.295639,0.559619,0.511773
135.303970,0.559319,0.511659
135.312302,0.559026,0.511499
135.320633,0.558759,0.511383
135.328964,0.558493,0.511210
135.337296,0.558224,0.510965
135.345627,0.557985,0.510704
135.353958,0.557747,0.510535
135.362289,0.557500,0.510379
135.370621,0.557183,0.510022
135.378952,0.557040,0.509894
135.387283,0.556846,0.509721
135.395615,0.556481,0.509365
135.403946,0.556288,0.509112
135.412277,0.556053,0.508833
135.420609,0.555796,0.508603
135.428940,0.555557,0.508372
135.437271,0.555341,0.508132
135.445602,0.555104,0.507991
135.453934,0.554903,0.507807
135.462265,0.554692,0.507569
135.470596,0.554445,0.507254
135.478928,0.554237,0.507078
135.487259,0.554055,0.506957
135.495590,0.553871,0.506846
135.503922,0.553571,0.506650
135.512253,0.553310,0.506499
135.520584,0.553033,0.506375
135.528915,0.552781,0.506283
135.537247,0.552558,0.506213
135.545578,0.552269,0.506180
135.553909,0.552049,0.506164
135.562241,0.551816,0.506166
135.570572,0.551507,0.506205
135.578903,0.551239,0.506216
135.587234,0.550947,0.506245
135.595566,0.550647,0.506299
135.603897,0.550356,0.506362
135.612228,0.550113,0.506360
135.620560,0.549885,0.506361
135.628891,0.549663,0.506362
135.637222,0.549213,0.506315
135.645554,0.548928,0.506393
135.653885,0.548621,0.506422
135.662216,0.548296,0.506425
135.670547,0.547964,0.506423
135.678879,0.547676,0.506448
135.687210,0.547385,0.506420
135.695541,0.547086,0.506383
135.703873,0.546768,0.506380
135.712204,0.546469,0.506331
135.720535,0.546146,0.506289
135.728867,0.545796,0.506221
135.737198,0.545428,0.506124
135.745544,0.545099,0.506049
135.753860,0.544776,0.505965
135.762207,0.544447,0.505881
135.770538,0.544109,0.505810
135.778870,0.543874,0.505751
135.787201,0.543586,0.505673
135.795532,0.543100,0.505521
135.803864,0.542815,0.505437
135.812195,0.542478,0.505351
135.820526,0.542248,0.505283
135.828857,0.542060,0.505222
135.837189,0.541800,0.505156
135.845520,0.541426,0.505057
135.853851,0.540950,0.504922
135.862183,0.540558,0.504867
135.870514,0.540215,0.504746
135.878845,0.539876,0.504579
135.887177,0.539561,0.504480
135.895508,0.539191,0.504311
135.903839,0.538864,0.504159
135.912170,0.538600,0.504055
135.920502,0.538279,0.503999
135.928833,0.537895,0.503869
135.937164,0.537513,0.503681
135.945496,0.537179,0.503496
135.953827,0.536833,0.503415
135.962158,0.536471,0.503329
135.970490,0.536100,0.503206
135.978821,0.535740,0.503064
135.987152,0.535478,0.503002
135.995483,0.535093,0.502931
136.003815,0.534638,0.502901
136.012146,0.534283,0.502902
136.020477,0.534004,0.502823
136.028809,0.533652,0.502732
136.037140,0.533298,0.502672
136.045471,0.532976,0.502639
136.053802,0.532649,0.502541
136.062134,0.532302,0.502480
136.070465,0.531963,0.502376
136.078796,0.531652,0.502203
136.087128,0.531374,0.502058
136.095459,0.531049,0.501912
136.103790,0.530745,0.501835
136.112122,0.530478,0.501810
136.120453,0.530220,0.501731
136.128784,0.529955,0.501660
136.137115,0.529701,0.501628
136.145447,0.529466,0.501637
136.153778,0.529205,0.501468
136.162109,0.528959,0.501384
136.170441,0.528742,0.501370
136.178772,0.528550,0.501403
136.187103,0.528320,0.501402
136.195435,0.528037,0.501319
136.203766,0.527796,0.501249
136.212097,0.527623,0.501232
136.220428,0.527444,0.501209
136.228760,0.527272,0.501291
136.237091,0.527085,0.501348
136.245422,0.526873,0.501297
136.253754,0.526741,0.501356
136.262085,0.526588,0.501382
136.270416,0.526395,0.501313
136.278748,0.526242,0.501237
136.287079,0.526030,0.501168
136.295425,0.525811,0.501049
136.303741,0.525586,0.500887
136.312088,0.525343,0.500671
136.320419,0.525099,0.500515
136.328751,0.524833,0.500346
136.337082,0.524552,0.500132
136.345413,0.524342,0.499883
136.353745,0.524075,0.499606
136.362076,0.523807,0.499363
136.370407,0.523532,0.499153
136.378738,0.523172,0.498916
136.387070,0.522826,0.498682
136.395401,0.522394,0.498404
136.403732,0.521793,0.498065
136.412064,0.521120,0.497794
136.420395,0.520184,0.497428
136.428726,0.519150,0.497033
136.437057,0.518063,0.496618
136.445389,0.516811,0.496124
136.453720,0.515694,0.495712
136.462051,0.514455,0.495288
136.470383,0.512357,0.494710
136.478714,0.510490,0.494362
136.487045,0.508517,0.493999
136.495377,0.506390,0.493685
136.503708,0.504141,0.493415
136.512039,0.501865,0.493131
136.520370,0.499379,0.492952
136.528702,0.496726,0.492823
136.537033,0.493920,0.492728
136.545364,0.491069,0.492652
136.553696,0.488129,0.492512
136.562027,0.485139,0.492388
136.570358,0.482297,0.492284
136.578690,0.480094,0.492156
136.587021,0.477869,0.492054
136.595352,0.475613,0.491991
136.603683,0.472373,0.491926
136.612015,0.468106,0.491777
136.620346,0.464222,0.491587
136.628677,0.461034,0.491495
136.637009,0.458160,0.491420
136.645340,0.455410,0.491244
136.653671,0.453162,0.491220
136.662003,0.450576,0.491179
136.670334,0.447214,0.491047
136.678665,0.444649,0.490917
136.686996,0.442246,0.491002
136.695328,0.439787,0.491058
136.703659,0.437344,0.491133
136.711990,0.435068,0.491336
136.720322,0.433101,0.491624
136.728653,0.430849,0.492029
136.736984,0.428131,0.492703
136.745316,0.426015,0.493453
136.753647,0.423805,0.494217
136.761978,0.421614,0.495088
136.770309,0.419474,0.496061
136.778641,0.417417,0.497115
136.786972,0.415391,0.498262
136.795303,0.413466,0.499475
136.803635,0.411584,0.500735
136.811966,0.409531,0.502030
136.820297,0.407494,0.503437
136.828629,0.405463,0.504847
136.836960,0.403524,0.506144
136.845291,0.401783,0.507234
136.853622,0.400068,0.508287
136.861954,0.398226,0.509316
136.870300,0.396365,0.510298
136.878632,0.394769,0.511222
136.886963,0.393187,0.512021
136.895294,0.391615,0.512815
136.903625,0.390109,0.513552
136.911957,0.388746,0.514143
136.920288,0.387563,0.514719
136.928619,0.386226,0.515332
136.936951,0.384578,0.516014
136.945282,0.383393,0.516608
136.953613,0.382256,0.517076
136.961945,0.381365,0.517443
136.970276,0.380665,0.517736
136.978607,0.379424,0.518348
136.986938,0.378512,0.518738
136.995270,0.377860,0.518967
137.003601,0.376566,0.519503
137.011932,0.375852,0.519871
137.020264,0.375150,0.520214
137.028595,0.374518,0.520508
137.036926,0.373967,0.520764
137.045258,0.373519,0.521028
137.053589,0.373069,0.521280
137.061920,0.372634,0.521536
137.070251,0.372241,0.521802
137.078583,0.371933,0.522036
137.086914,0.371582,0.522299
137.095245,0.371266,0.522567
137.103577,0.371007,0.522821
137.111908,0.370807,0.523042
137.120239,0.370609,0.523223
137.128571,0.370409,0.523411
137.136902,0.370220,0.523612
137.145233,0.370103,0.523667
137.153564,0.369952,0.523865
137.161896,0.369805,0.524048
137.170227,0.369671,0.524159
137.178558,0.369538,0.524214
137.186890,0.369410,0.524324
137.195221,0.369284,0.524412
137.203552,0.369154,0.524461
137.211884,0.369013,0.524596
137.220215,0.368874,0.524644
137.228546,0.368731,0.524728
137.236877,0.368582,0.524867
137.245209,0.368413,0.524931
137.253540,0.368275,0.524934
137.261871,0.368133,0.524910
137.270203,0.367967,0.524866
137.278534,0.367802,0.524821
137.286865,0.367635,0.524877
137.295197,0.367444,0.524928
137.303528,0.367233,0.524939
137.311859,0.367034,0.524902
137.320190,0.366864,0.524941
137.328522,0.366705,0.525011
137.336853,0.366278,0.524922
137.345184,0.366024,0.524925
137.353516,0.365729,0.525050
137.361847,0.365425,0.525177
137.370178,0.365122,0.525270
137.378510,0.364804,0.525407
137.386841,0.364481,0.525474
137.395172,0.364147,0.525511
137.403503,0.363795,0.525527
137.411835,0.363486,0.525480
137.420166,0.363111,0.525559
137.428513,0.362736,0.525656
137.436829,0.362410,0.525685
137.445175,0.362010,0.525611
137.453506,0.361692,0.525580
137.461838,0.361416,0.525570
137.470169,0.360877,0.525366
137.478500,0.360497,0.525382
137.486832,0.360153,0.525305
137.495163,0.359839,0.525211
137.503494,0.359550,0.525151
137.511826,0.359275,0.525071
137.520157,0.359043,0.524982
137.528488,0.358824,0.524880
137.536819,0.358577,0.524717
137.545151,0.358331,0.524549
137.553482,0.358107,0.524387
137.561813,0.357913,0.524243
137.570145,0.357746,0.524122
137.578476,0.357561,0.523986
137.586807,0.357412,0.523890
137.595139,0.357281,0.523815
137.603470,0.357155,0.523760
137.611801,0.357028,0.523598
137.620132,0.356932,0.523429
137.628464,0.356841,0.523274
137.636795,0.356739,0.523145
137.645126,0.356637,0.523008
137.653458,0.356553,0.522872
137.661789,0.356463,0.522739
137.670120,0.356326,0.522619
137.678452,0.356243,0.522422
137.686783,0.356151,0.522291
137.695114,0.356049,0.522161
137.703445,0.355936,0.522000
137.711777,0.355844,0.521909
137.720108,0.355700,0.521770
137.728439,0.355535,0.521628
137.736771,0.355379,0.521551
137.745102,0.355144,0.521458
137.753433,0.354928,0.521342
137.761765,0.354704,0.521223
137.770096,0.354444,0.521118
137.778427,0.354155,0.520992
137.786758,0.353875,0.520842
137.795090,0.353579,0.520672
137.803421,0.353210,0.520466
137.811752,0.352820,0.520322
137.820084,0.352452,0.520198
137.828415,0.352079,0.520077
137.836746,0.351679,0.519943
137.845078,0.351239,0.519766
137.853409,0.350877,0.519626
137.861740,0.350545,0.519501
137.870071,0.350103,0.519383
137.878403,0.349573,0.519290
137.886734,0.348989,0.519145
137.895065,0.348516,0.519090
137.903397,0.348104,0.519070
137.911728,0.347709,0.519032
137.920059,0.347257,0.519038
137.928391,0.346838,0.519026
137.936722,0.346451,0.519008
137.945053,0.346096,0.518989
137.953384,0.345738,0.519070
137.961716,0.345346,0.519141
137.970047,0.344942,0.519174
137.978394,0.344576,0.519160
137.986710,0.344242,0.519239
137.995056,0.343907,0.519315
138.003387,0.343600,0.519365
138.011719,0.343340,0.519375
138.020050,0.343065,0.519290
138.028381,0.342757,0.519181
138.036713,0.342439,0.519073
138.045044,0.342177,0.519000
138.053375,0.341898,0.518811
138.061707,0.341646,0.518731
138.070038,0.341397,0.518688
138.078369,0.341141,0.518651
138.086700,0.340926,0.518584
138.095032,0.340689,0.518506
138.103363,0.340447,0.518452
138.111694,0.340258,0.518452
138.120026,0.339976,0.518296
138.128357,0.339738,0.518246
138.136688,0.339527,0.518214
138.145020,0.339340,0.518151
138.153351,0.339168,0.518112
138.161682,0.339002,0.518084
138.170013,0.338869,0.518113
138.178345,0.338701,0.518143
138.186676,0.338430,0.518200
138.195007,0.338287,0.518394
138.203339,0.338243,0.518491
138.211670,0.338238,0.518548
138.220001,0.338249,0.518693
138.228333,0.338334,0.518755
138.236664,0.338423,0.518837
138.244995,0.338541,0.518920
138.253326,0.338734,0.518967
138.261658,0.338933,0.518896
138.269989,0.339217,0.518889
138.278320,0.339546,0.518863
138.286652,0.339869,0.518671
138.294983,0.340302,0.518464
138.303314,0.340807,0.518210
138.311646,0.341403,0.517914
138.319977,0.342040,0.517659
138.328308,0.342827,0.517436
138.336639,0.343600,0.517163
138.344971,0.344412,0.516870
138.353302,0.345374,0.516608
138.361633,0.346209,0.516376
138.369965,0.347250,0.516146
138.378296,0.348624,0.515945
138.386627,0.349718,0.515813
138.394958,0.351107,0.515612
138.403290,0.352466,0.515458
138.411621,0.353814,0.515327
138.419952,0.355251,0.515169
138.428284,0.356643,0.515184
138.436615,0.358155,0.515184
138.444946,0.359816,0.515214
138.453278,0.361501,0.515420
138.461609,0.363180,0.515588
138.469940,0.364786,0.515904
138.478271,0.366366,0.516268
138.486603,0.367964,0.516570
138.494934,0.369395,0.516917
138.503265,0.371075,0.517393
138.511597,0.373161,0.518046
138.519928,0.374852,0.518493
138.528259,0.376640,0.518805
138.536591,0.378301,0.519047
138.544922,0.379886,0.519224
138.553268,0.381435,0.519310
138.561584,0.382404,0.519368
138.569931,0.383276,0.519424
138.578262,0.384840,0.519482
138.586594,0.387433,0.519751
138.594925,0.389321,0.520030
138.603256,0.390858,0.520250
138.611588,0.392262,0.520418
138.619919,0.393587,0.520490
138.628250,0.395139,0.520466
138.636581,0.396522,0.520452
138.644913,0.397824,0.520408
138.653244,0.399211,0.520215
138.661575,0.400561,0.520108
138.669907,0.401825,0.520008
138.678238,0.403043,0.519916
138.686569,0.404243,0.519841
138.694901,0.405333,0.519634
138.703232,0.406542,0.519399
138.711563,0.407848,0.519077
138.719894,0.408887,0.518580
138.728226,0.409946,0.517908
138.736557,0.410914,0.517321
138.744888,0.411804,0.516823
138.753220,0.412624,0.516408
138.761551,0.413327,0.516097
138.769882,0.414097,0.515792
138.778214,0.414967,0.515529
138.786545,0.415660,0.515375
138.794876,0.416326,0.515437
138.803207,0.416915,0.515572
138.811539,0.417469,0.515736
138.819870,0.418041,0.515893
138.828201,0.418395,0.516038
138.836533,0.418818,0.516180
138.844864,0.419405,0.516352
138.853195,0.419796,0.516612
138.861526,0.420230,0.516847
138.869858,0.420612,0.517074
138.878189,0.420965,0.517311
138.886520,0.421312,0.517578
138.894852,0.421635,0.517746
138.903183,0.421962,0.517988
138.911514,0.422288,0.518318
138.919846,0.422588,0.518521
138.928177,0.422850,0.518688
138.936508,0.423055,0.518873
138.944839,0.423210,0.519013
138.953171,0.423299,0.519000
138.961502,0.423389,0.518988
138.969833,0.423549,0.519017
138.978165,0.423729,0.519054
138.986496,0.423817,0.519000
138.994827,0.423897,0.518851
139.003159,0.423944,0.518756
139.011490,0.423968,0.518660
139.019821,0.423976,0.518493
139.028152,0.423978,0.518463
139.036484,0.423999,0.518457
139.044815,0.424025,0.518474
139.053146,0.423980,0.518492
139.061478,0.423948,0.518526
139.069809,0.423948,0.518549
139.078140,0.423963,0.518530
139.086472,0.423970,0.518425
139.094803,0.423961,0.518412
139.103134,0.423977,0.518355
139.111465,0.424045,0.518218
139.119812,0.424142,0.518152
139.128143,0.424239,0.518117
139.136475,0.424336,0.518068
139.144806,0.424438,0.518033
139.153137,0.424555,0.518068
139.161469,0.424682,0.518036
139.169800,0.424835,0.517985
139.178131,0.425031,0.517948
139.186462,0.425175,0.518035
139.194794,0.425360,0.517935
139.203125,0.425541,0.517839
139.211456,0.425738,0.517762
139.219788,0.425998,0.517722
139.228119,0.426234,0.517709
139.236450,0.426477,0.517715
139.244781,0.426744,0.517749
139.253113,0.427021,0.517766
139.261444,0.427272,0.517743
139.269775,0.427505,0.517684
139.278107,0.427736,0.517626
139.286438,0.427984,0.517611
139.294769,0.428234,0.517479
139.303101,0.428522,0.517350
139.311432,0.428850,0.517291
139.319763,0.429168,0.517393
139.328094,0.429502,0.517412
139.336426,0.429801,0.517490
139.344757,0.430052,0.517591
139.353088,0.430201,0.517668
139.361420,0.430351,0.517745
139.369751,0.430620,0.517804
139.378082,0.431039,0.517828
139.386414,0.431517,0.517968
139.394745,0.431840,0.517925
139.403076,0.432141,0.518045
139.411407,0.432439,0.518223
139.419739,0.432747,0.518351
139.428070,0.433140,0.518481
139.436401,0.433509,0.518668
139.444733,0.433861,0.518890
139.453064,0.434253,0.519097
139.461395,0.434701,0.519264
139.469727,0.435108,0.519434
139.478058,0.435512,0.519621
139.486389,0.436030,0.519871
139.494720,0.436435,0.520122
139.503052,0.436920,0.520414
139.511383,0.437624,0.520819
139.519714,0.438168,0.521187
139.528046,0.438766,0.521440
139.536377,0.439351,0.521756
139.544708,0.439952,0.522134
139.553040,0.440621,0.522609
139.561371,0.441287,0.522932
139.569702,0.441986,0.523249
139.578033,0.442743,0.523584
139.586365,0.443589,0.523955
139.594696,0.444375,0.524289
139.603027,0.445120,0.524641
139.611359,0.445866,0.524955
139.619690,0.446664,0.525146
139.628021,0.447338,0.525406
139.636353,0.448128,0.525727
139.644684,0.449223,0.526142
139.653015,0.450131,0.526391
139.661346,0.451105,0.526607
139.669678,0.452000,0.526803
139.678024,0.452887,0.526987
139.686356,0.453890,0.527160
139.694687,0.454744,0.527295
139.703018,0.455710,0.527443
139.711349,0.456898,0.527607
139.719681,0.457951,0.527711
139.728012,0.459001,0.527828
139.736343,0.459978,0.527943
139.744675,0.460929,0.528056
139.753006,0.461952,0.528167
139.761337,0.462880,0.528296
139.769669,0.463831,0.528432
139.778000,0.465009,0.528573
139.786331,0.466489,0.528777
139.794662,0.467568,0.528944
139.802994,0.468614,0.529107
139.811325,0.469654,0.529263
139.819656,0.470750,0.529403
139.827988,0.471650,0.529503
139.836319,0.472491,0.529592
139.844650,0.473502,0.529774
139.852982,0.474859,0.530023
139.861313,0.476192,0.530304
139.869644,0.477303,0.530549
139.877975,0.478307,0.530761
139.886307,0.479353,0.530996
139.894638,0.480422,0.531203
139.902969,0.481463,0.531463
139.911301,0.482446,0.531827
139.919632,0.483519,0.532160
139.927963,0.484515,0.532530
139.936295,0.485459,0.532940
139.944626,0.486363,0.533399
139.952957,0.487377,0.533873
139.961288,0.488273,0.534259
139.969620,0.489076,0.534606
139.977951,0.489796,0.534933
139.986282,0.490506,0.535170
139.994614,0.491228,0.535388
140.002945,0.491949,0.535573
140.011276,0.492638,0.535724
140.019608,0.493346,0.535877
140.027939,0.493943,0.536034
140.036270,0.494474,0.536188
140.044601,0.494955,0.536336
140.052933,0.495379,0.536441
140.061264,0.495905,0.536571
140.069595,0.496549,0.536734
140.077927,0.496935,0.536833
140.086258,0.497317,0.536813
140.094589,0.497658,0.536872
140.102921,0.497976,0.536947
140.111252,0.498274,0.537007
140.119583,0.498594,0.537023
140.127914,0.498852,0.537061
140.136246,0.499053,0.537101
140.144577,0.499193,0.537129
140.152908,0.499351,0.537157
140.161240,0.499677,0.537159
140.169571,0.499920,0.537152
140.177902,0.500089,0.537191
140.186234,0.500309,0.537168
140.194565,0.500521,0.537176
140.202896,0.500716,0.537152
140.211227,0.500889,0.537025
140.219559,0.501119,0.536955
140.227890,0.501359,0.536915
140.236237,0.501613,0.536909
140.244553,0.501889,0.536948
140.252899,0.502150,0.536977
140.261230,0.502464,0.536988
140.269562,0.502817,0.536996
140.277893,0.503126,0.537035
140.286224,0.503578,0.537102
140.294556,0.504026,0.537107
140.302887,0.504457,0.537080
140.311218,0.504897,0.537090
140.319550,0.505310,0.537066
140.327881,0.505744,0.537040
140.336212,0.506470,0.537123
140.344543,0.507034,0.537178
140.352875,0.507631,0.537295
140.361206,0.508224,0.537344
140.369537,0.508821,0.537343
140.377869,0.509504,0.537490
140.386200,0.510169,0.537511
140.394531,0.510853,0.537575
140.402863,0.511550,0.537729
140.411194,0.512176,0.537872
140.419525,0.512914,0.538018
140.427856,0.513626,0.538177
140.436188,0.514295,0.538345
140.444519,0.515036,0.538506
140.452850,0.515764,0.538636
140.461182,0.516507,0.538711
140.469513,0.517241,0.538701
140.477844,0.517832,0.538523
140.486176,0.518549,0.538314
140.494507,0.519183,0.538022
140.502838,0.519725,0.537692
140.511169,0.520258,0.537462
140.519501,0.520774,0.537266
140.527832,0.521261,0.537169
140.536163,0.521717,0.537142
140.544495,0.522151,0.536966
140.552826,0.522532,0.536711
140.561157,0.522889,0.536415
140.569489,0.523221,0.536082
140.577820,0.523479,0.535650
140.586151,0.523708,0.535097
140.594482,0.523935,0.534487
140.602814,0.524179,0.533870
140.611145,0.524218,0.533109
140.619476,0.524273,0.532265
140.627808,0.524249,0.531496
140.636139,0.524142,0.530820
140.644470,0.524003,0.529798
140.652802,0.523811,0.529017
140.661133,0.523584,0.528214
140.669464,0.523310,0.527193
140.677795,0.522947,0.526091
140.686127,0.522591,0.524808
140.694458,0.522246,0.523570
140.702789,0.521895,0.522396
140.711121,0.521479,0.521138
140.719452,0.521112,0.519811
140.727783,0.520690,0.518370
140.736115,0.520169,0.516808
140.744446,0.519699,0.515440
140.752777,0.519086,0.513928
140.761108,0.518479,0.512494
140.769440,0.517906,0.511169
140.777771,0.517306,0.509907
140.786118,0.516770,0.508784
140.794434,0.516258,0.507708
140.802780,0.515289,0.505816
140.811111,0.514704,0.504505
140.819443,0.514127,0.502965
140.827774,0.513512,0.501410
140.836105,0.512876,0.499917
140.844437,0.512401,0.498314
140.852768,0.511912,0.496817
140.861099,0.511392,0.495204
140.869431,0.510810,0.493230
140.877762,0.510353,0.491741
140.886093,0.509852,0.490020
140.894424,0.509412,0.488426
140.902756,0.509034,0.487007
140.911087,0.508602,0.485460
140.919418,0.508243,0.483914
140.927750,0.507879,0.482381
140.936081,0.507496,0.480875
140.944412,0.507206,0.479445
140.952744,0.506846,0.477775
140.961075,0.506559,0.476430
140.969406,0.506354,0.475426
140.977737,0.506002,0.473860
140.986069,0.505636,0.472161
140.994400,0.505374,0.470783
141.002731,0.505031,0.468908
141.011063,0.504696,0.467046
141.019394,0.504418,0.465540
141.027725,0.504128,0.464142
141.036057,0.503825,0.462792
141.044388,0.503537,0.461420
141.052719,0.503257,0.460193
141.061050,0.502975,0.458965
141.069382,0.502688,0.457680
141.077713,0.502374,0.456556
141.086044,0.502059,0.455403
141.094376,0.501801,0.454408
141.102707,0.501594,0.453568
141.111038,0.501285,0.452565
141.119370,0.501032,0.451562
141.127701,0.500772,0.450633
141.136032,0.500485,0.449789
141.144363,0.500176,0.448888
141.152695,0.499836,0.447959
141.161026,0.499538,0.447079
141.169357,0.499279,0.446248
141.177689,0.498985,0.445429
141.186020,0.498702,0.444517
141.194351,0.498431,0.443634
141.202682,0.498172,0.442837
141.211014,0.497879,0.441919
141.219345,0.497611,0.441085
141.227676,0.497338,0.440316
141.236008,0.497057,0.439584
141.244339,0.496808,0.438809
141.252670,0.496495,0.438175
141.261002,0.496180,0.437536
141.269333,0.495887,0.436862
141.277664,0.495601,0.436295
141.285995,0.495270,0.435651
141.294327,0.494931,0.435015
141.302658,0.494598,0.434435
141.310989,0.494222,0.433905
141.319321,0.493790,0.433455
141.327652,0.493342,0.433066
141.335983,0.492904,0.432730
141.344315,0.492499,0.432516
141.352646,0.492052,0.432266
141.360992,0.491649,0.432030
141.369308,0.491322,0.431827
141.377655,0.491129,0.431687
141.385986,0.490935,0.431546
141.394318,0.490535,0.431181
141.402649,0.490026,0.430812
141.410980,0.489549,0.430526
141.419312,0.489113,0.430151
141.427643,0.488807,0.430078
141.435974,0.488547,0.430056
141.444305,0.488299,0.430069
141.452637,0.487964,0.430129
141.460968,0.487698,0.430117
141.469299,0.487385,0.430151
141.477631,0.487045,0.430186
141.485962,0.486767,0.430088
141.494293,0.486454,0.430104
141.502625,0.486193,0.430144
141.510956,0.485961,0.430175
141.519287,0.485732,0.430163
141.527618,0.485570,0.430185
141.535950,0.485376,0.430214
141.544281,0.485144,0.430247
141.552612,0.484926,0.430283
141.560944,0.484723,0.430240
141.569275,0.484503,0.430179
141.577606,0.484298,0.430121
141.585938,0.484160,0.430088
141.594269,0.484016,0.430040
141.602600,0.483830,0.429982
141.610931,0.483593,0.429889
141.619263,0.483468,0.429762
141.627594,0.483281,0.429805
141.635925,0.483120,0.429768
141.644257,0.482965,0.429687
141.652588,0.482796,0.429598
141.660919,0.482630,0.429482
141.669250,0.482467,0.429401
141.677582,0.482314,0.429373
141.685913,0.482177,0.429403
141.694244,0.482072,0.429236
141.702576,0.482000,0.429111
141.710907,0.481941,0.428991
141.719238,0.481878,0.428824
141.727570,0.481822,0.428729
141.735901,0.481768,0.428580
141.744232,0.481718,0.428337
141.752563,0.481677,0.428240
141.760895,0.481635,0.428035
141.769226,0.481617,0.427904
141.777557,0.481615,0.427829
141.785889,0.481613,0.427730
141.794220,0.481560,0.427660
141.802551,0.481481,0.427626
141.810883,0.481520,0.427587
141.819214,0.481483,0.427499
141.827545,0.481483,0.427456
141.835876,0.481477,0.427419
141.844208,0.481446,0.427377
141.852539,0.481471,0.427329
141.860870,0.481502,0.427234
141.869202,0.481514,0.427092
141.877533,0.481484,0.427054
141.885864,0.481537,0.427058
141.894196,0.481510,0.427169
141.902527,0.481475,0.427236
141.910858,0.481466,0.427185
141.919189,0.481518,0.427184
141.927521,0.481587,0.427240
141.935867,0.481663,0.427288
141.944199,0.481750,0.427300
141.952530,0.481813,0.427211
141.960861,0.481881,0.427221
141.969193,0.481946,0.427353
141.977524,0.481984,0.427426
141.985855,0.482079,0.427423
141.994186,0.482137,0.427532
142.002518,0.482189,0.427653
142.010849,0.482250,0.427739
142.019180,0.482297,0.427844
142.027512,0.482379,0.427983
142.035843,0.482484,0.428142
142.044174,0.482571,0.428286
142.052505,0.482566,0.428414
142.060837,0.482610,0.428545
142.069168,0.482652,0.428683
142.077499,0.482647,0.428834
142.085831,0.482686,0.428960
142.094162,0.482728,0.429123
142.102493,0.482756,0.429266
142.110825,0.482766,0.429307
142.119156,0.482743,0.429460
142.127487,0.482737,0.429605
142.135818,0.482713,0.429703
142.144150,0.482648,0.429732
142.152481,0.482605,0.429820
142.160812,0.482531,0.429899
142.169144,0.482433,0.429936
142.177475,0.482348,0.429911
142.185806,0.482173,0.429983
142.194138,0.481952,0.430064
142.202469,0.481739,0.430096
142.210800,0.481512,0.430116
142.219131,0.481345,0.430121
142.227463,0.481135,0.430059
142.235794,0.480856,0.429925
142.244125,0.480597,0.429870
142.252457,0.480260,0.429694
142.260788,0.479953,0.429524
142.269119,0.479659,0.429343
142.277451,0.479362,0.429119
142.285782,0.479050,0.428781
142.294113,0.478700,0.428387
142.302444,0.478346,0.427944
142.310776,0.478090,0.427489
142.319107,0.477778,0.426922
142.327438,0.477507,0.426331
142.335770,0.477265,0.425730
142.344101,0.476997,0.425069
142.352432,0.476671,0.424388
142.360764,0.476338,0.423614
142.369095,0.476028,0.422733
142.377426,0.475754,0.421891
142.385757,0.475471,0.420950
142.394089,0.475215,0.419940
142.402420,0.474986,0.418937
142.410751,0.474776,0.418062
142.419083,0.474555,0.417064
142.427414,0.474346,0.416038
142.435745,0.474162,0.415050
142.444077,0.474013,0.414202
142.452408,0.473853,0.413262
142.460739,0.473724,0.412419
142.469070,0.473614,0.411694
142.477402,0.473469,0.411054
142.485748,0.473324,0.410462
142.494080,0.473179,0.409896
142.502411,0.473021,0.409371
142.510742,0.472825,0.408906
142.519073,0.472603,0.408507
142.527405,0.472338,0.408258
142.535736,0.472047,0.408126
142.544067,0.471765,0.408050
142.552399,0.471431,0.408207
142.560730,0.471117,0.408419
142.569061,0.470856,0.408592
142.577393,0.470393,0.408929
142.585724,0.469869,0.409252
142.594055,0.469416,0.409439
142.602386,0.468979,0.409566
142.610718,0.468495,0.409726
142.619049,0.468043,0.409809
142.627380,0.467565,0.409871
142.635712,0.467043,0.409930
142.644043,0.466518,0.409977
142.652374,0.465950,0.410045
142.660706,0.465348,0.410142
142.669037,0.464742,0.410260
142.677368,0.464204,0.410379
142.685699,0.463567,0.410519
142.694031,0.462835,0.410680
142.702362,0.461997,0.410862
142.710693,0.461116,0.411057
142.719025,0.460175,0.411281
142.727356,0.459192,0.411504
142.735687,0.458186,0.411712
142.744019,0.457148,0.411897
142.752350,0.456069,0.411900
142.760681,0.454956,0.411882
142.769012,0.453842,0.411867
142.777344,0.452827,0.411756
142.785675,0.451634,0.411491
142.794006,0.450424,0.411143
142.802338,0.449289,0.410784
142.810669,0.448269,0.410441
142.819000,0.447148,0.409977
142.827332,0.445967,0.409486
142.835663,0.444801,0.409046
142.843994,0.443875,0.408681
142.852325,0.442757,0.408217
142.860657,0.441682,0.407778
142.868988,0.440721,0.407392
142.877319,0.439743,0.406946
142.885651,0.438736,0.406492
142.893982,0.437800,0.405993
142.902313,0.436973,0.405435
142.910645,0.436101,0.404747
142.918976,0.435239,0.403981
142.927307,0.434581,0.403279
142.935638,0.434057,0.402646
142.943970,0.433586,0.402081
142.952301,0.433117,0.401540
142.960632,0.432590,0.401026
142.968964,0.432033,0.400598
142.977295,0.431680,0.400353
142.985626,0.431167,0.400027
142.993958,0.430253,0.399550
143.002289,0.429617,0.399289
143.010620,0.429006,0.399113
143.018951,0.428300,0.398969
143.027283,0.427522,0.398879
143.035614,0.426692,0.398880
143.043961,0.425906,0.398913
143.052277,0.424982,0.399115
143.060623,0.424073,0.399380
143.068954,0.423212,0.399643
143.077286,0.422396,0.399850
143.085617,0.421518,0.400108
143.093948,0.420529,0.400351
143.102280,0.419368,0.400495
143.110611,0.418467,0.400621
143.118942,0.417345,0.400817
143.127274,0.416326,0.400948
143.135605,0.415413,0.401044
143.143936,0.414476,0.401209
143.152267,0.413617,0.401365
143.160599,0.412720,0.401526
143.168930,0.411426,0.401727
143.177261,0.410299,0.402027
143.185593,0.409151,0.402377
143.193924,0.408031,0.402866
143.202255,0.406947,0.403466
143.210587,0.405903,0.404138
143.218918,0.404763,0.405034
143.227249,0.403483,0.406115
143.235580,0.402004,0.407394
143.243912,0.400673,0.408585
143.252243,0.399148,0.410003
143.260574,0.397567,0.411527
143.268906,0.395989,0.413079
143.277237,0.394429,0.414609
143.285568,0.392919,0.416061
143.293900,0.391212,0.417681
143.302231,0.388629,0.419984
143.310562,0.386700,0.421541
143.318893,0.384331,0.423353
143.327225,0.382065,0.425037
143.335556,0.379968,0.426574
143.343887,0.377636,0.428234
143.352219,0.375353,0.429893
143.360550,0.372914,0.431651
143.368881,0.370300,0.433480
143.377213,0.368059,0.435004
143.385544,0.365627,0.436595
143.393875,0.363362,0.437990
143.402206,0.361267,0.439245
143.410538,0.359183,0.440641
143.418869,0.357711,0.441718
143.427200,0.356448,0.442694
143.435532,0.353823,0.444790
143.443863,0.350816,0.447452
143.452194,0.348589,0.449363
143.460526,0.347055,0.450781
143.468857,0.345516,0.452152
143.477188,0.344062,0.453442
143.485519,0.342753,0.454630
143.493851,0.341471,0.455742
143.502182,0.340273,0.456846
143.510513,0.339207,0.457892
143.518845,0.338302,0.458844
143.527176,0.337205,0.459992
143.535507,0.336244,0.460969
143.543839,0.335395,0.461845
143.552170,0.334633,0.462675
143.560501,0.333920,0.463336
143.568832,0.333073,0.464222
143.577164,0.332179,0.465249
143.585495,0.331516,0.465965
143.593826,0.330827,0.466843
143.602158,0.330146,0.467710
143.610489,0.329484,0.468569
143.618835,0.328849,0.469422
143.627167,0.328215,0.470261
143.635498,0.327439,0.471257
143.643829,0.326550,0.472421
143.652161,0.325830,0.473482
143.660492,0.324985,0.474620
143.668823,0.324228,0.475574
143.677155,0.323506,0.476418
143.685486,0.322794,0.477158
143.693817,0.322185,0.477621
143.702148,0.321490,0.478100
143.710480,0.320785,0.478525
143.718811,0.320235,0.478835
143.727142,0.319678,0.478992
143.735474,0.319163,0.479145
143.743805,0.318697,0.479315
143.752136,0.318283,0.479510
143.760468,0.317887,0.479619
143.768799,0.317515,0.479767
143.777130,0.317176,0.479933
143.785461,0.316876,0.480080
143.793793,0.316616,0.480404
143.802124,0.316429,0.480655
143.810455,0.316312,0.480839
143.818787,0.316298,0.480929
143.827118,0.316285,0.481018
143.835449,0.316264,0.481143
143.843781,0.316235,0.481337
143.852112,0.316316,0.481653
143.860443,0.316710,0.482025
143.868774,0.317142,0.482392
143.877106,0.317616,0.482836
143.885437,0.318083,0.483224
143.893768,0.318590,0.483489
143.902100,0.319248,0.483761
143.910431,0.319986,0.484063
143.918762,0.320736,0.484390
143.927094,0.321420,0.484612
143.935425,0.322333,0.484722
143.943756,0.323347,0.484747
143.952087,0.324200,0.484808
143.960419,0.325186,0.484863
143.968750,0.326257,0.484871
143.977081,0.327380,0.484904
143.985413,0.328514,0.484997
143.993744,0.329553,0.485076
144.002075,0.330846,0.485148
144.010406,0.332208,0.485214
144.018738,0.333400,0.485277
144.027069,0.334738,0.485344
144.035400,0.336150,0.485422
144.043732,0.337555,0.485525
144.052063,0.338903,0.485658
144.060394,0.340111,0.485818
144.068726,0.341605,0.486069
144.077057,0.343205,0.486395
144.085388,0.344600,0.486715
144.093719,0.345886,0.487068
144.102051,0.347426,0.487492
144.110382,0.348981,0.487862
144.118713,0.350318,0.488110
144.127045,0.351635,0.488403
144.135376,0.353116,0.488655
144.143707,0.354612,0.488874
144.152039,0.355989,0.489084
144.160370,0.357258,0.489312
144.168716,0.358741,0.489588
144.177032,0.360335,0.489874
144.185379,0.361868,0.490129
144.193710,0.363125,0.490348
144.202042,0.364828,0.490524
144.210373,0.366803,0.490617
144.218704,0.368571,0.490654
144.227036,0.369914,0.490677
144.235367,0.371658,0.490690
144.243698,0.374920,0.490687
144.252029,0.377302,0.490747
144.260361,0.379563,0.490835
144.268692,0.382451,0.490823
144.277023,0.385830,0.490788
144.285355,0.389143,0.490869
144.293686,0.392618,0.491049
144.302017,0.396286,0.491413
144.310349,0.400164,0.491924
144.318680,0.404205,0.492563
144.327011,0.408060,0.493303
144.335342,0.412450,0.494341
144.343674,0.416898,0.495519
144.352005,0.421096,0.496701
144.360336,0.425429,0.498065
144.368668,0.429863,0.499588
144.376999,0.434330,0.501227
144.385330,0.438724,0.502926
144.393661,0.443115,0.504725
144.401993,0.447600,0.506616
144.410324,0.452229,0.508624
144.418655,0.457092,0.510920
144.426987,0.461730,0.513126
144.435318,0.466102,0.515395
144.443649,0.470211,0.517774
144.451981,0.474811,0.520347
144.460312,0.478940,0.522743
144.468643,0.482821,0.525060
144.476974,0.487809,0.528087
144.485306,0.493670,0.531583
144.493637,0.498097,0.534335
144.501968,0.501906,0.536663
144.510300,0.505482,0.538755
144.518631,0.509187,0.540634
144.526962,0.512535,0.541939
144.535294,0.516017,0.543102
144.543625,0.519615,0.544105
144.551956,0.522833,0.544788
144.560287,0.526284,0.545622
144.568619,0.529426,0.546247
144.576950,0.532334,0.546735
144.585281,0.535225,0.547291
144.593613,0.537749,0.547562
144.601944,0.540399,0.547756
144.610275,0.543203,0.547872
144.618607,0.545377,0.547885
144.626938,0.547782,0.547685
144.635269,0.550083,0.547427
144.643600,0.552216,0.547132
144.651932,0.554184,0.546724
144.660263,0.556053,0.546257
144.668594,0.557628,0.545831
144.676926,0.558879,0.545463
144.685257,0.560987,0.544803
144.693588,0.562820,0.544404
144.701920,0.564307,0.544081
144.710251,0.565673,0.543698
144.718582,0.566824,0.543385
144.726913,0.568065,0.542943
144.735245,0.569325,0.542377
144.743591,0.570482,0.541770
144.751923,0.571422,0.541242
144.760254,0.572326,0.540683
144.768585,0.573170,0.540205
144.776917,0.573955,0.539807
144.785248,0.574676,0.539486
144.793579,0.575336,0.539170
144.801910,0.576014,0.538866
144.810242,0.576692,0.538554
144.818573,0.577260,0.538169
144.826904,0.577790,0.537882
144.835236,0.578290,0.537630
144.843567,0.578769,0.537373
144.851898,0.579229,0.537055
144.860229,0.579696,0.536758
144.868561,0.580178,0.536518
144.876892,0.580673,0.536368
144.885223,0.581128,0.536265
144.893555,0.581566,0.536216
144.901886,0.581976,0.536195
144.910217,0.582359,0.536186
144.918549,0.582777,0.536052
144.926880,0.583139,0.536028
144.935211,0.583486,0.535997
144.943542,0.583847,0.535783
144.951874,0.584286,0.535656
144.960205,0.584600,0.535456
144.968536,0.584932,0.535178
144.976868,0.585257,0.534855
144.985199,0.585525,0.534555
144.993530,0.585759,0.534348
145.001862,0.585990,0.534131
145.010193,0.586214,0.533899
145.018524,0.586406,0.533728
145.026855,0.586601,0.533547
145.035187,0.586783,0.533391
145.043518,0.586945,0.533263
145.051849,0.587081,0.533153
145.060181,0.587195,0.533100
145.068512,0.587298,0.533050
145.076843,0.587391,0.532996
145.085175,0.587498,0.532976
145.093506,0.587552,0.533025
145.101837,0.587596,0.533046
145.110168,0.587635,0.533059
145.118500,0.587646,0.533142
145.126831,0.587661,0.533306
145.135162,0.587658,0.533413
145.143494,0.587636,0.533449
145.151825,0.587634,0.533593
145.160156,0.587591,0.533661
145.168488,0.587508,0.533799
145.176819,0.587414,0.533981
145.185150,0.587372,0.534104
145.193481,0.587239,0.534303
145.201813,0.587090,0.534543
145.210144,0.586954,0.534809
145.218475,0.586859,0.535070
145.226807,0.586706,0.535315
145.235138,0.586542,0.535493
145.243469,0.586388,0.535642
145.251801,0.586268,0.535842
145.260132,0.586150,0.536016
145.268463,0.586018,0.536178
145.276794,0.585869,0.536318
145.285126,0.585743,0.536433
145.293472,0.585592,0.536640
145.301804,0.585453,0.536908
145.310135,0.585339,0.537216
145.318466,0.585268,0.537544
145.326797,0.585216,0.537791
145.335129,0.585162,0.538065
145.343460,0.585085,0.538521
145.351791,0.585043,0.538735
145.360123,0.585056,0.539039
145.368454,0.585112,0.539395
145.376785,0.585216,0.539765
145.385117,0.585452,0.540041
145.393448,0.585852,0.540591
145.401779,0.586412,0.541380
145.410110,0.587211,0.542512
145.418442,0.588138,0.543958
145.426773,0.589234,0.545919
145.435104,0.590350,0.548052
145.443436,0.591418,0.550175
145.451767,0.592911,0.552916
145.460098,0.593859,0.554618
145.468430,0.594635,0.555995
145.476761,0.595906,0.558089
145.485092,0.597918,0.561077
145.493423,0.599843,0.563596
145.501755,0.601523,0.565544
145.510086,0.603194,0.567238
145.518417,0.604590,0.568645
145.526749,0.606281,0.570263
145.535080,0.608254,0.572101
145.543411,0.610016,0.573819
145.551743,0.611593,0.575370
145.560074,0.613218,0.576877
145.568405,0.614821,0.578265
145.576736,0.616354,0.579490
145.585068,0.617792,0.580450
145.593399,0.619453,0.581582
145.601730,0.621245,0.582764
145.610062,0.622795,0.583661
145.618393,0.624336,0.584443
145.626724,0.625800,0.585207
145.635056,0.627161,0.585869
145.643387,0.628405,0.586386
145.651718,0.629492,0.586886
145.660049,0.630667,0.587415
145.668381,0.632382,0.588063
145.676712,0.633734,0.588526
145.685043,0.634928,0.588989
145.693375,0.636008,0.589383
145.701706,0.636983,0.589707
145.710037,0.637865,0.589963
145.718369,0.638728,0.590224
145.726700,0.639491,0.590425
145.735031,0.640218,0.590617
145.743362,0.640965,0.590866
145.751694,0.641925,0.591090
145.760025,0.642504,0.591361
145.768356,0.643103,0.591629
145.776688,0.643732,0.591905
145.785019,0.644228,0.592237
145.793350,0.644638,0.592575
145.801682,0.645077,0.592998
145.810013,0.645628,0.593647
145.818344,0.646031,0.594146
145.826675,0.646454,0.594646
145.835007,0.646860,0.595204
145.843338,0.647244,0.595804
145.851685,0.647622,0.596344
145.860001,0.647858,0.596673
145.868347,0.648062,0.596955
145.876678,0.648265,0.597238
145.885010,0.648802,0.598046
145.893341,0.649619,0.599387
145.901672,0.650322,0.600480
145.910004,0.650950,0.601307
145.918335,0.651455,0.602021
145.926666,0.651953,0.602726
145.934998,0.652484,0.603534
145.943329,0.652989,0.604215
145.951660,0.653464,0.604755
145.959991,0.653988,0.605609
145.968323,0.654486,0.606302
145.976654,0.654977,0.606979
145.984985,0.655458,0.607671
145.993317,0.655878,0.608171
146.001648,0.656352,0.608679
146.009979,0.656814,0.609153
146.018311,0.657232,0.609591
146.026642,0.657597,0.610035
146.034973,0.658030,0.610410
146.043304,0.658438,0.610798
146.051636,0.658787,0.611207
146.059967,0.659128,0.611497
146.068298,0.659447,0.611778
146.076630,0.659763,0.612129
146.084961,0.660068,0.612548
146.093292,0.660316,0.612918
146.101624,0.660636,0.613401
146.109955,0.660954,0.613905
146.118286,0.661220,0.614383
146.126617,0.661445,0.614980
146.134949,0.661676,0.615468
146.143280,0.661924,0.615964
146.151611,0.662189,0.616486
146.159943,0.662438,0.616963
146.168274,0.662714,0.617435
146.176605,0.662989,0.617900
146.184937,0.663258,0.618369
146.193268,0.663568,0.618918
146.201599,0.663877,0.619257
146.209930,0.664200,0.619603
146.218262,0.664537,0.619984
146.226593,0.664867,0.620270
146.234924,0.665243,0.620522
146.243256,0.665645,0.620761
146.251587,0.666037,0.620966
146.259918,0.666331,0.621032
146.268250,0.666741,0.621179
146.276581,0.667395,0.621531
146.284912,0.667899,0.621817
146.293243,0.668377,0.622107
146.301575,0.669008,0.622534
146.309906,0.669714,0.622838
146.318237,0.670418,0.622981
146.326569,0.671157,0.623275
146.334900,0.671926,0.623450
146.343231,0.672718,0.623628
146.351562,0.673513,0.623846
146.359894,0.674244,0.624099
146.368225,0.675110,0.624560
146.376556,0.675959,0.625149
146.384888,0.676739,0.625803
146.393219,0.677516,0.626601
146.401550,0.678283,0.627545
146.409882,0.679031,0.628554
146.418213,0.679751,0.629592
146.426559,0.680263,0.630462
146.434875,0.680743,0.631308
146.443222,0.681702,0.633486
146.451553,0.682490,0.635919
146.459885,0.683112,0.638064
146.468216,0.683673,0.640563
146.476547,0.684160,0.643466
146.484879,0.684545,0.645960
146.493210,0.684813,0.648302
146.501541,0.685034,0.650594
146.509872,0.685449,0.655708
146.518204,0.685584,0.659018
146.526535,0.685658,0.662426
146.534866,0.685694,0.665793
146.543198,0.685698,0.669130
146.551529,0.685669,0.672531
146.559860,0.685625,0.675231
146.568192,0.685558,0.678225
146.576523,0.685450,0.682081
146.584854,0.685356,0.685287
146.593185,0.685238,0.688315
146.601517,0.685144,0.691273
146.609848,0.685066,0.694151
146.618179,0.684974,0.696918
146.626511,0.684933,0.699327
146.634842,0.684898,0.701845
146.643173,0.684883,0.704399
146.651505,0.684920,0.706620
146.659836,0.684966,0.708655
146.668167,0.685019,0.710380
146.676498,0.685081,0.711824
146.684830,0.685242,0.714326
146.693161,0.685303,0.716062
146.701492,0.685367,0.717809
146.709824,0.685504,0.719937
146.718155,0.685620,0.721544
146.726486,0.685744,0.723238
146.734818,0.685900,0.724864
146.743149,0.686069,0.726401
146.751480,0.686196,0.727876
146.759811,0.686381,0.729194
146.768143,0.686605,0.730546
146.776474,0.686866,0.731961
146.784805,0.687121,0.733205
146.793137,0.687440,0.734596
146.801468,0.687782,0.735754
146.809799,0.688145,0.736723
146.818130,0.688550,0.737573
146.826462,0.688984,0.738302
146.834793,0.689523,0.738920
146.843124,0.690223,0.739356
146.851456,0.690746,0.739669
146.859787,0.691397,0.740018
146.868118,0.692146,0.740349
146.876450,0.692849,0.740587
146.884781,0.693428,0.740718
146.893112,0.694135,0.740777
146.901443,0.694952,0.740762
146.909775,0.695813,0.740663
146.918106,0.696629,0.740436
146.926437,0.697496,0.740007
146.934769,0.698412,0.739494
146.943100,0.699381,0.738880
146.951431,0.700374,0.738046
146.959763,0.701361,0.737132
146.968094,0.702424,0.736096
146.976440,0.703642,0.734840
146.984756,0.704814,0.733416
146.993103,0.705995,0.731989
147.001434,0.707232,0.730455
147.009766,0.708541,0.728753
147.018097,0.709751,0.727095
147.026428,0.710771,0.725694
147.034760,0.711710,0.724385
147.043091,0.713625,0.721501
147.051422,0.714812,0.719622
147.059753,0.716040,0.717525
147.068085,0.717306,0.715254
147.076416,0.718600,0.712842
147.084747,0.719749,0.710536
147.093079,0.720553,0.708864
147.101410,0.721227,0.707426
147.109741,0.722366,0.704910
147.118073,0.723879,0.701375
147.126404,0.725189,0.698097
147.134735,0.726185,0.695450
147.143066,0.726949,0.693325
147.151398,0.727986,0.690285
147.159729,0.728924,0.687384
147.168060,0.729532,0.685471
147.176392,0.730098,0.683678
147.184723,0.730640,0.681941
147.193054,0.731122,0.680335
147.201385,0.731561,0.678858
147.209717,0.731952,0.677487
147.218048,0.732286,0.676265
147.226379,0.732535,0.675369
147.234711,0.732805,0.674375
147.243042,0.733027,0.673545
147.251373,0.733202,0.672885
147.259705,0.733385,0.672198
147.268036,0.733545,0.671533
147.276367,0.733697,0.670898
147.284698,0.733837,0.670309
147.293030,0.733946,0.669832
147.301361,0.734057,0.669332
147.309692,0.734162,0.668830
147.318024,0.734255,0.668363
147.326355,0.734320,0.668028
147.334686,0.734381,0.667706
147.343018,0.734416,0.667474
147.351349,0.734431,0.667322
147.359680,0.734445,0.667192
147.368011,0.734438,0.667156
147.376343,0.734422,0.667152
147.384674,0.734406,0.667144
147.393005,0.734380,0.667159
147.401337,0.734338,0.667242
147.409668,0.734296,0.667344
147.417999,0.734251,0.667456
147.426331,0.734191,0.667585
147.434662,0.734130,0.667718
147.442993,0.734067,0.667862
147.451324,0.734003,0.668009
147.459656,0.733942,0.668124
147.467987,0.733882,0.668229
147.476318,0.733805,0.668419
147.484650,0.733719,0.668666
147.492981,0.733666,0.668802
147.501312,0.733613,0.668939
147.509644,0.733446,0.669402
147.517975,0.733257,0.669868
147.526306,0.733130,0.670183
147.534637,0.732987,0.670500
147.542969,0.732835,0.670810
147.551315,0.732675,0.671107
147.559647,0.732515,0.671413
147.567978,0.732325,0.671744
147.576309,0.732052,0.672100
147.584641,0.731837,0.672302
147.592972,0.731603,0.672377
147.601303,0.731355,0.672471
147.609634,0.731095,0.672568
147.617966,0.730817,0.672596
147.626297,0.730507,0.672490
147.634628,0.730145,0.672356
147.642960,0.729718,0.672218
147.651291,0.729278,0.671792
147.659622,0.728811,0.671263
147.667953,0.728287,0.670623
147.676285,0.727650,0.669787
147.684616,0.726948,0.668752
147.692947,0.726287,0.667777
147.701279,0.725555,0.666691
147.709610,0.724503,0.665063
147.717941,0.723564,0.663495
147.726273,0.722549,0.661749
147.734604,0.721441,0.659835
147.742935,0.720221,0.657749
147.751266,0.718879,0.655385
147.759598,0.717535,0.653020
147.767929,0.716053,0.650503
147.776260,0.714181,0.647595
147.784592,0.712393,0.645389
147.792923,0.710451,0.643067
147.801254,0.708426,0.640849
147.809586,0.706360,0.638809
147.817917,0.704153,0.636572
147.826248,0.702173,0.634446
147.834579,0.700248,0.632315
147.842911,0.697486,0.628920
147.851242,0.694692,0.625414
147.859573,0.691894,0.621895
147.867905,0.689198,0.618596
147.876236,0.686580,0.615542
147.884567,0.683842,0.612640
147.892899,0.680984,0.609915
147.901230,0.678129,0.607375
147.909561,0.675304,0.604960
147.917892,0.672460,0.602432
147.926224,0.669586,0.599855
147.934555,0.666582,0.597062
147.942886,0.663564,0.594109
147.951218,0.661652,0.592135
147.959549,0.659395,0.589786
147.967880,0.655165,0.585285
147.976212,0.651801,0.581856
147.984543,0.648976,0.578821
147.992874,0.646552,0.576364
148.001205,0.644039,0.573898
148.009537,0.640611,0.570683
148.017868,0.637538,0.567695
148.026199,0.634278,0.564724
148.034531,0.631252,0.561967
148.042862,0.628459,0.559380
148.051193,0.625592,0.556769
148.059525,0.622546,0.554127
148.067856,0.619387,0.551437
148.076187,0.616221,0.548786
148.084518,0.613285,0.546557
148.092850,0.610108,0.544281
148.101181,0.607004,0.542250
148.109528,0.604012,0.540452
148.117859,0.600951,0.538660
148.126190,0.598548,0.537350
148.134521,0.596247,0.536132
148.142853,0.592162,0.534227
148.151184,0.588796,0.533110
148.159515,0.585560,0.531869
148.167847,0.582483,0.530800
148.176178,0.579551,0.529897
148.184509,0.576759,0.528953
148.192841,0.573828,0.528088
148.201172,0.570949,0.527293
148.209503,0.568226,0.526566
148.217834,0.565784,0.525956
148.226166,0.563067,0.525201
148.234497,0.560414,0.524450
148.242828,0.557942,0.523772
148.251160,0.555451,0.523191
148.259491,0.553071,0.522604
148.267822,0.550679,0.521982
148.276154,0.548228,0.521321
148.284485,0.546223,0.520891
148.292816,0.544119,0.520372
148.301147,0.542056,0.519880
148.309479,0.540159,0.519520
148.317810,0.538324,0.519341
148.326141,0.536734,0.519235
148.334473,0.535299,0.519171
148.342804,0.533807,0.519061
148.351135,0.531762,0.518922
148.359467,0.528681,0.518588
148.367798,0.526750,0.518190
148.376129,0.525230,0.517747
148.384460,0.523917,0.517218
148.392792,0.522312,0.516468
148.401123,0.521031,0.515699
148.409454,0.519910,0.514956
148.417786,0.518859,0.514250
148.426117,0.517669,0.513276
148.434448,0.516605,0.512430
148.442780,0.515577,0.511611
148.451111,0.514530,0.510749
148.459442,0.513523,0.509583
148.467773,0.512569,0.508459
148.476105,0.511719,0.507280
148.484436,0.511020,0.505965
148.492767,0.510201,0.504468
148.501099,0.509529,0.502987
148.509430,0.508962,0.501572
148.517761,0.508474,0.500247
148.526093,0.507882,0.498885
148.534424,0.507347,0.497524
148.542755,0.506871,0.496252
148.551086,0.506446,0.495132
148.559418,0.505952,0.494108
148.567749,0.505484,0.493057
148.576080,0.505050,0.492048
148.584412,0.504646,0.491129
148.592743,0.504308,0.490228
148.601074,0.503958,0.489239
148.609406,0.503653,0.488295
148.617737,0.503443,0.487542
148.626068,0.503159,0.486645
148.634399,0.502940,0.485990
148.642731,0.502736,0.485462
148.651062,0.502525,0.485022
148.659409,0.502272,0.484397
148.667725,0.501987,0.483891
148.676071,0.501704,0.483438
148.684402,0.501457,0.482945
148.692734,0.501262,0.482566
148.701065,0.501101,0.482164
148.709396,0.500944,0.481783
148.717728,0.500777,0.481461
148.726059,0.500643,0.481066
148.734390,0.500505,0.480706
148.742722,0.500387,0.480391
148.751053,0.500333,0.480135
148.759384,0.500240,0.479741
148.767715,0.500075,0.479051
148.776047,0.499959,0.478540
148.784378,0.499853,0.478155
148.792709,0.499818,0.477799
148.801041,0.499805,0.477451
148.809372,0.499914,0.476618
148.817703,0.500000,0.476082
148.826035,0.500120,0.475713
148.834366,0.500278,0.475359
148.842697,0.500462,0.475003
148.851028,0.500574,0.474755
148.859360,0.500660,0.474583
148.867691,0.500741,0.474424
148.876022,0.500857,0.474139
148.884354,0.500914,0.473897
148.892685,0.500991,0.473686
148.901016,0.501076,0.473498
148.909348,0.501165,0.473321
148.917679,0.501264,0.473041
148.926010,0.501323,0.472887
148.934341,0.501375,0.472767
148.942673,0.501437,0.472609
148.951004,0.501439,0.472465
148.959335,0.501379,0.472352
148.967667,0.501306,0.472270
148.975998,0.501241,0.472206
148.984329,0.501143,0.472033
148.992661,0.500984,0.471827
149.000992,0.500775,0.471594
149.009323,0.500531,0.471343
149.017654,0.500279,0.471084
149.025986,0.499934,0.470833
149.034317,0.499535,0.470580
149.042648,0.499109,0.470328
149.050980,0.498625,0.470140
149.059311,0.498140,0.470062
149.067642,0.497635,0.470008
149.075974,0.496931,0.469847
149.084305,0.495958,0.469471
149.092636,0.495122,0.469177
149.100967,0.494227,0.468760
149.109299,0.493313,0.468274
149.117630,0.492478,0.467857
149.125961,0.491509,0.467340
149.134293,0.490544,0.466799
149.142624,0.489608,0.466250
149.150955,0.488687,0.465691
149.159286,0.487631,0.464994
149.167618,0.486617,0.464203
149.175949,0.485770,0.463466
149.184280,0.485281,0.463019
149.192612,0.484793,0.462571
149.200943,0.484017,0.461849
149.209274,0.482812,0.460579
149.217606,0.481175,0.458462
149.225937,0.479465,0.456041
149.234283,0.478407,0.454502
149.242599,0.477507,0.453094
149.250946,0.476672,0.451699
149.259277,0.475531,0.449789
149.267609,0.474578,0.448021
149.275940,0.473687,0.446329
149.284271,0.472830,0.444627
149.292603,0.471964,0.442680
149.300934,0.471154,0.440934
149.309265,0.470384,0.439180
149.317596,0.469659,0.437412
149.325928,0.468992,0.435669
149.334259,0.468166,0.433599
149.342590,0.467392,0.431596
149.350922,0.466700,0.429734
149.359253,0.466005,0.427864
149.367584,0.465329,0.426103
149.375916,0.464637,0.424254
149.384247,0.463952,0.422444
149.392578,0.463338,0.421020
149.400909,0.462617,0.419185
149.409241,0.461918,0.417406
149.417572,0.461250,0.415789
149.425903,0.460529,0.414175
149.434235,0.459897,0.412703
149.442566,0.459171,0.411209
149.450897,0.458408,0.409741
149.459229,0.457794,0.408418
149.467560,0.456990,0.406903
149.475891,0.456162,0.405443
149.484222,0.455386,0.404104
149.492554,0.454650,0.402844
149.500885,0.453876,0.401705
149.509216,0.453061,0.400407
149.517548,0.452259,0.399066
149.525879,0.451591,0.398073
149.534210,0.450736,0.396680
149.542542,0.449867,0.395205
149.550873,0.449085,0.393864
149.559204,0.448366,0.392632
149.567535,0.447653,0.391512
149.575867,0.447134,0.390717
149.584198,0.446770,0.390172
149.592529,0.446406,0.389628
149.600861,0.445618,0.388601
149.609192,0.444385,0.387138
149.617523,0.443109,0.385629
149.625854,0.441727,0.384119
149.634186,0.440768,0.383111
149.642517,0.439808,0.382047
149.650848,0.438840,0.380953
149.659180,0.437903,0.379936
149.667511,0.436807,0.378780
149.675842,0.435668,0.377569
149.684174,0.434531,0.376361
149.692505,0.433373,0.375207
149.700836,0.432238,0.374046
149.709167,0.431140,0.373042
149.717499,0.430078,0.372196
149.725830,0.428284,0.370776
149.734161,0.426876,0.369734
149.742493,0.425425,0.368740
149.750824,0.423891,0.367753
149.759155,0.422254,0.366732
149.767487,0.420691,0.365786
149.775818,0.418990,0.364768
149.784164,0.417261,0.363748
149.792480,0.415822,0.362916
149.800827,0.413889,0.361910
149.809158,0.411735,0.360965
149.817490,0.409634,0.360216
149.825821,0.407565,0.359628
149.834152,0.405429,0.359304
149.842484,0.403122,0.359037
149.850815,0.400828,0.358906
149.859146,0.398975,0.359025
149.867477,0.396827,0.359151
149.875809,0.394128,0.359397
149.884140,0.390421,0.360118
149.892471,0.387798,0.360573
149.900803,0.385090,0.361191
149.909134,0.382195,0.361950
149.917465,0.379218,0.362768
149.925797,0.376405,0.363477
149.934128,0.373444,0.364444
149.942459,0.370496,0.365511
149.950790,0.367647,0.366665
149.959122,0.365041,0.367885
149.967453,0.361652,0.369652
149.975784,0.358283,0.371574
149.984116,0.355261,0.373459
149.992447,0.352476,0.375393
150.000778,0.349124,0.377923
150.009109,0.345672,0.380827
150.017441,0.342589,0.383686
150.025772,0.340131,0.386150
150.034103,0.336833,0.389628
150.042435,0.333375,0.393536
150.050766,0.330309,0.397257
150.059097,0.327421,0.401014
150.067429,0.324752,0.404441
150.075760,0.322137,0.407861
150.084091,0.319679,0.411143
150.092422,0.317688,0.413864
150.100754,0.315314,0.417076
150.109085,0.312951,0.420248
150.117416,0.311012,0.422845
150.125748,0.308704,0.425646
150.134079,0.306752,0.428054
150.142410,0.304981,0.430288
150.150742,0.303337,0.432392
150.159073,0.301502,0.434690
150.167404,0.299578,0.437188
150.175735,0.297712,0.439707
150.184067,0.296212,0.441592
150.192398,0.294382,0.443960
150.200729,0.292749,0.445996
150.209061,0.291340,0.447708
150.217392,0.290004,0.449390
150.225723,0.288628,0.450977
150.234055,0.287189,0.452619
150.242386,0.285767,0.454253
150.250717,0.284614,0.455520
150.259048,0.283263,0.456743
150.267380,0.282051,0.457784
150.275711,0.280987,0.458685
150.284042,0.280020,0.459329
150.292374,0.278818,0.460118
150.300705,0.277542,0.460957
150.309036,0.276520,0.461653
150.317368,0.275337,0.462368
150.325699,0.274281,0.463012
150.334030,0.273328,0.463592
150.342361,0.272455,0.464118
150.350693,0.271464,0.464612
150.359039,0.270536,0.465184
150.367371,0.269641,0.465816
150.375702,0.268781,0.466485
150.384033,0.268206,0.466966
150.392365,0.267572,0.467545
150.400696,0.266274,0.469068
150.409027,0.265448,0.470015
150.417358,0.264654,0.470946
150.425690,0.263960,0.471773
150.434021,0.263270,0.472585
150.442352,0.262388,0.473500
150.450684,0.261724,0.474038
150.459015,0.261033,0.474617
150.467346,0.260368,0.475177
150.475677,0.259762,0.475686
150.484009,0.259207,0.476200
150.492340,0.258630,0.476733
150.500671,0.258049,0.477274
150.509003,0.257490,0.477798
150.517334,0.256998,0.478228
150.525665,0.256474,0.478734
150.533997,0.255987,0.479218
150.542328,0.255564,0.479631
150.550659,0.255100,0.480174
150.558990,0.254708,0.480603
150.567322,0.254328,0.481021
150.575653,0.253888,0.481532
150.583984,0.253544,0.481810
150.592316,0.253194,0.482085
150.600647,0.252867,0.482333
150.608978,0.252573,0.482553
150.617310,0.252295,0.482791
150.625641,0.252019,0.483026
150.633972,0.251753,0.483286
150.642303,0.251503,0.483603
150.650635,0.251283,0.483847
150.658966,0.251072,0.483854
150.667297,0.250893,0.483773
150.675629,0.250749,0.483713
150.683960,0.250604,0.483461
150.692291,0.250482,0.483151
150.700623,0.250380,0.482718
150.708954,0.250297,0.482016
150.717285,0.250242,0.481287
150.725616,0.250211,0.480576
150.733948,0.250204,0.479914
150.742279,0.249783,0.479305
150.750610,0.249744,0.478612
150.758942,0.249679,0.477956
150.767273,0.249593,0.477322
150.775604,0.249491,0.476690
150.783936,0.249374,0.476050
150.792267,0.249211,0.475303
150.800598,0.249011,0.474576
150.808929,0.248828,0.474058
150.817261,0.248637,0.473685
150.825592,0.248395,0.473203
150.833923,0.248103,0.472659
150.842255,0.247806,0.472211
150.850586,0.247508,0.471671
150.858917,0.247164,0.471087
150.867249,0.246798,0.470512
150.875580,0.246427,0.469981
150.883911,0.246044,0.469506
150.892242,0.245686,0.469098
150.900574,0.245315,0.468700
150.908905,0.244718,0.468036
150.917252,0.244243,0.467633
150.925568,0.243712,0.467214
150.933914,0.243149,0.466850
150.942245,0.242585,0.466579
150.950577,0.242051,0.466329
150.958908,0.241485,0.466242
150.967239,0.240887,0.466249
150.975571,0.240257,0.466310
150.983902,0.239646,0.466475
150.992233,0.238997,0.466701
151.000565,0.238376,0.466941
151.008896,0.237801,0.467169
151.017227,0.237115,0.467617
151.025558,0.236471,0.468026
151.033890,0.235849,0.468485
151.042221,0.235240,0.469040
151.050552,0.234642,0.469718
151.058884,0.234018,0.470504
151.067215,0.233407,0.471310
151.075546,0.232832,0.472086
151.083878,0.232316,0.472915
151.092209,0.231763,0.473885
151.100540,0.231218,0.474833
151.108871,0.230711,0.475662
151.117203,0.230250,0.476523
151.125534,0.229744,0.477383
151.133865,0.229267,0.478091
151.142197,0.228844,0.478644
151.150528,0.228436,0.479243
151.158859,0.227988,0.479840
151.167191,0.227527,0.480417
151.175522,0.227105,0.480936
151.183853,0.226849,0.481293
151.192184,0.226543,0.481729
151.200516,0.225999,0.482501
151.208847,0.225675,0.482877
151.217178,0.225304,0.483180
151.225510,0.224919,0.483286
151.233841,0.224523,0.483376
151.242172,0.224116,0.483560
151.250504,0.223710,0.483540
151.258835,0.223264,0.483611
151.267166,0.222847,0.483692
151.275497,0.222485,0.483728
151.283829,0.222119,0.483706
151.292160,0.221752,0.483634
151.300491,0.221395,0.483483
151.308823,0.221058,0.483223
151.317154,0.220678,0.483079
151.325485,0.220280,0.482870
151.333817,0.219901,0.482619
151.342148,0.219552,0.482357
151.350479,0.219245,0.482180
151.358810,0.218888,0.481913
151.367142,0.218520,0.481556
151.375473,0.218192,0.481133
151.383804,0.217876,0.480723
151.392136,0.217531,0.480253
151.400467,0.217181,0.479684
151.408798,0.216853,0.479017
151.417130,0.216510,0.478358
151.425461,0.216150,0.477556
151.433792,0.215797,0.476764
151.442123,0.215481,0.476160
151.450455,0.215094,0.475486
151.458786,0.214583,0.474727
151.467133,0.214145,0.474192
151.475449,0.213758,0.473779
151.483795,0.213352,0.473402
151.492126,0.212944,0.473139
151.500458,0.212539,0.472862
151.508789,0.212129,0.472584
151.517120,0.211708,0.472322
151.525452,0.211311,0.472245
151.533783,0.210825,0.472173
151.542114,0.210301,0.472125
151.550446,0.209852,0.472105
151.558777,0.209322,0.472317
151.567108,0.208835,0.472496
151.575439,0.208437,0.472637
151.583771,0.208189,0.472731
151.592102,0.207939,0.472826
151.600433,0.207419,0.472942
151.608765,0.206631,0.473056
151.617096,0.205705,0.473185
151.625427,0.204646,0.473316
151.633759,0.203943,0.473412
151.642090,0.203208,0.473462
151.650421,0.202454,0.473494
151.658752,0.201715,0.473556
151.667084,0.201044,0.473566
151.675415,0.200236,0.473549
151.683746,0.199186,0.473477
151.692078,0.198283,0.473392
151.700409,0.197421,0.473311
151.708740,0.196502,0.473222
151.717072,0.195555,0.473121
151.725403,0.194671,0.473008
151.733734,0.193640,0.472908
151.742065,0.192559,0.472750
151.750397,0.191492,0.472505
151.758728,0.190474,0.472146
151.767059,0.189427,0.471672
151.775391,0.188370,0.471086
151.783722,0.187353,0.470428
151.792053,0.186464,0.469762
151.800385,0.185482,0.469089
151.808716,0.184316,0.468378
151.817047,0.182960,0.467724
151.825378,0.181972,0.467372
151.833710,0.180912,0.467022
151.842041,0.179837,0.466814
151.850372,0.178785,0.466702
151.858704,0.177799,0.466595
151.867035,0.176772,0.466374
151.875366,0.175726,0.466151
151.883698,0.174728,0.465896
151.892029,0.173862,0.465559
151.900360,0.172773,0.465301
151.908691,0.171716,0.465011
151.917023,0.170735,0.464704
151.925354,0.169763,0.464454
151.933685,0.168859,0.464228
151.942017,0.167881,0.463963
151.950348,0.166886,0.463741
151.958679,0.165986,0.463682
151.967010,0.164999,0.463555
151.975342,0.164055,0.463469
151.983673,0.163130,0.463440
151.992004,0.162123,0.463479
152.000336,0.161182,0.463642
152.008667,0.160291,0.463745
152.016998,0.159455,0.463811
152.025330,0.158684,0.463907
152.033661,0.157743,0.463998
152.042007,0.156849,0.464011
152.050323,0.156054,0.463992
152.058670,0.155313,0.464046
152.067001,0.154596,0.464068
152.075333,0.153906,0.464139
152.083664,0.153258,0.464252
152.091995,0.152713,0.464245
152.100327,0.152053,0.464316
152.108658,0.151378,0.464387
152.116989,0.150833,0.464355
152.125320,0.150225,0.464368
152.133652,0.149704,0.464445
152.141983,0.149216,0.464543
152.150314,0.148733,0.464636
152.158646,0.148269,0.464795
152.166977,0.147811,0.464984
152.175308,0.147354,0.465239
152.183640,0.146881,0.465669
152.191971,0.146402,0.466147
152.200302,0.145950,0.466576
152.208633,0.145518,0.467003
152.216965,0.145094,0.467533
152.225296,0.144652,0.467955
152.233627,0.144183,0.468312
152.241959,0.143686,0.468585
152.250290,0.143231,0.468739
152.258621,0.142594,0.468822
152.266953,0.141901,0.468786
152.275284,0.141296,0.468688
152.283615,0.140665,0.468520
152.291946,0.139983,0.468408
152.300278,0.139246,0.468294
152.308609,0.138487,0.468147
152.316940,0.137878,0.468087
152.325272,0.137105,0.468082
152.333603,0.136300,0.468085
152.341934,0.135553,0.468077
152.350266,0.134856,0.468117
152.358597,0.133966,0.468155
152.366928,0.133233,0.468178
152.375259,0.132711,0.468189
152.383591,0.131946,0.468249
152.391922,0.130613,0.468489
152.400253,0.129574,0.468875
152.408585,0.128773,0.469296
152.416916,0.128022,0.469758
152.425247,0.127051,0.470258
152.433578,0.126177,0.470713
152.441910,0.125371,0.471158
152.450241,0.124478,0.471680
152.458572,0.123618,0.472104
152.466904,0.122820,0.472482
152.475235,0.122043,0.472841
152.483566,0.121252,0.473199
152.491898,0.120532,0.473473
152.500229,0.119742,0.473797
152.508560,0.118896,0.474155
152.516891,0.118193,0.474384
152.525223,0.117317,0.474624
152.533554,0.116508,0.474865
152.541885,0.115740,0.475076
152.550217,0.114962,0.475205
152.558548,0.114084,0.475394
152.566879,0.113188,0.475588
152.575211,0.112301,0.475779
152.583542,0.111424,0.475991
152.591873,0.110456,0.476292
152.600204,0.109553,0.476590
152.608551,0.108676,0.476904
152.616882,0.107762,0.477273
152.625214,0.106924,0.477560
152.633545,0.106043,0.477947
152.641876,0.105112,0.478399
152.650208,0.104216,0.478627
152.658539,0.103284,0.478940
152.666870,0.102429,0.479178
152.675201,0.101615,0.479386
152.683533,0.100791,0.479639
152.691864,0.100109,0.479808
152.700195,0.099356,0.480005
152.708527,0.098475,0.480245
152.716858,0.097806,0.480352
152.725189,0.097097,0.480426
152.733521,0.096503,0.480512
152.741852,0.095971,0.480549
152.750183,0.095449,0.480446
152.758514,0.095112,0.480387
152.766846,0.094800,0.480325
152.775177,0.094458,0.480116
152.783508,0.094001,0.479885
152.791840,0.093564,0.479596
152.800171,0.093305,0.479282
152.808502,0.093122,0.478981
152.816833,0.093049,0.478747
152.825165,0.093031,0.478591
152.833496,0.093043,0.478428
152.841827,0.093138,0.478186
152.850159,0.093256,0.478048
152.858490,0.093414,0.477871
152.866821,0.093653,0.477645
152.875153,0.093938,0.477386
152.883484,0.094213,0.477109
152.891815,0.094566,0.476739
152.900146,0.094987,0.476353
152.908478,0.095509,0.475967
152.916809,0.096083,0.475574
152.925140,0.096733,0.475120
152.933472,0.097385,0.474682
152.941803,0.098036,0.474261
152.950134,0.098708,0.473833
152.958466,0.099375,0.473415
152.966797,0.100106,0.472979
152.975128,0.101269,0.472417
152.983459,0.102457,0.471869
152.991791,0.103734,0.471383
153.000122,0.105031,0.470900
153.008453,0.106406,0.470363
153.016785,0.108042,0.469635
153.025116,0.109452,0.468960
153.033447,0.110982,0.468187
153.041779,0.113092,0.467008
153.050110,0.115545,0.465609
153.058441,0.117599,0.464531
153.066772,0.119714,0.463462
153.075104,0.121866,0.462435
153.083435,0.123973,0.461534
153.091766,0.126089,0.460625
153.100098,0.128336,0.459611
153.108429,0.130700,0.458468
153.116760,0.132902,0.457323
153.125092,0.135112,0.456080
153.133423,0.137102,0.454859
153.141754,0.138941,0.453673
153.150085,0.140690,0.452539
153.158417,0.142477,0.451460
153.166763,0.144250,0.450381
153.175095,0.145968,0.449313
153.183426,0.147555,0.448408
153.191757,0.149343,0.447503
153.200089,0.151088,0.446722
153.208420,0.152727,0.446036
153.216751,0.154319,0.445333
153.225082,0.155843,0.444843
153.233414,0.157482,0.444345
153.241745,0.159353,0.443720
153.250076,0.160831,0.443251
153.258408,0.162294,0.442795
153.266739,0.163688,0.442404
153.275070,0.165020,0.442076
153.283401,0.166345,0.441780
153.291733,0.167481,0.441633
153.300064,0.168543,0.441544
153.308395,0.170759,0.441324
153.316727,0.172178,0.441230
153.325058,0.173689,0.441116
153.333389,0.175109,0.440925
153.341721,0.176441,0.440670
153.350052,0.177778,0.440375
153.358383,0.179068,0.439964
153.366714,0.180319,0.439535
153.375046,0.181543,0.439099
153.383377,0.182842,0.438455
153.391708,0.184105,0.437849
153.400040,0.185282,0.437226
153.408371,0.186398,0.436571
153.416702,0.187542,0.435844
153.425034,0.188626,0.435096
153.433365,0.189685,0.434292
153.441696,0.190734,0.433395
153.450027,0.191916,0.432196
153.458359,0.192966,0.431019
153.466690,0.193902,0.429822
153.475021,0.194760,0.428617
153.483353,0.195585,0.427443
153.491684,0.196289,0.426362
153.500015,0.197019,0.425206
153.508347,0.198086,0.423478
153.516678,0.198782,0.422197
153.525009,0.199554,0.420710
153.533340,0.200267,0.419262
153.541672,0.200914,0.417883
153.550003,0.201533,0.416491
153.558334,0.202138,0.415064
153.566666,0.202696,0.413732
153.574997,0.203203,0.412524
153.583328,0.203642,0.411547
153.591660,0.204044,0.410589
153.599991,0.204412,0.409649
153.608322,0.205046,0.407984
153.616653,0.205333,0.407233
153.624985,0.205704,0.406273
153.633316,0.206174,0.405054
153.641647,0.206518,0.404141
153.649979,0.206783,0.403429
153.658310,0.207012,0.402708
153.666641,0.207205,0.402029
153.674973,0.207377,0.401387
153.683304,0.207549,0.400790
153.691635,0.207634,0.400399
153.699966,0.207702,0.400047
153.708298,0.207857,0.399344
153.716629,0.207955,0.398952
153.724976,0.208018,0.398565
153.733292,0.208081,0.398213
153.741638,0.208136,0.397878
153.749969,0.208156,0.397520
153.758301,0.208177,0.397262
153.766632,0.208198,0.397018
153.774963,0.208212,0.396680
153.783295,0.208231,0.396392
153.791626,0.208199,0.396047
153.799957,0.208184,0.395732
153.808289,0.208180,0.395456
153.816620,0.208150,0.395207
153.824951,0.208104,0.394833
153.833282,0.208062,0.394478
153.841614,0.208034,0.394202
153.849945,0.207994,0.393762
153.858276,0.207951,0.393344
153.866608,0.207909,0.392945
153.874939,0.207868,0.392558
153.883270,0.207826,0.392181
153.891602,0.207791,0.391815
153.899933,0.207784,0.391393
153.908264,0.207796,0.390945
153.916595,0.207821,0.390513
153.924927,0.207861,0.390131
153.933258,0.207913,0.389714
153.941589,0.207989,0.389243
153.949921,0.208089,0.388792
153.958252,0.208182,0.388342
153.966583,0.208297,0.387941
153.974915,0.208432,0.387541
153.983246,0.208593,0.387063
153.991577,0.208685,0.386779
153.999908,0.208768,0.386518
154.008240,0.208903,0.386065
154.016571,0.209214,0.384992
154.024902,0.209569,0.383841
154.033234,0.209742,0.383257
154.041565,0.209966,0.382578
154.049896,0.210214,0.381868
154.058228,0.210441,0.381227
154.066559,0.210766,0.380326
154.074890,0.211136,0.379508
154.083221,0.211526,0.378701
154.091553,0.211925,0.377799
154.099884,0.212250,0.376925
154.108215,0.212629,0.375922
154.116547,0.213021,0.374871
154.124878,0.213351,0.373934
154.133209,0.213817,0.372651
154.141541,0.214262,0.371472
154.149872,0.214686,0.370405
154.158203,0.215130,0.369358
154.166534,0.215605,0.368412
154.174866,0.216106,0.367375
154.183197,0.216588,0.366365
154.191528,0.217019,0.365471
154.199860,0.217538,0.364206
154.208191,0.218011,0.362960
154.216522,0.218451,0.361744
154.224854,0.218884,0.360510
154.233185,0.219335,0.359349
154.241516,0.219774,0.358214
154.249847,0.220190,0.357176
154.258179,0.220573,0.356282
154.266510,0.221026,0.355061
154.274841,0.221432,0.354141
154.283173,0.221814,0.353311
154.291519,0.222191,0.352408
154.299850,0.222530,0.351566
154.308182,0.222864,0.350764
154.316513,0.223164,0.350018
154.324844,0.223417,0.349335
154.333176,0.223706,0.348511
154.341507,0.223954,0.347684
154.349838,0.224175,0.346926
154.358170,0.224389,0.346258
154.366501,0.224601,0.345560
154.374832,0.224753,0.344795
154.383163,0.224867,0.344169
154.391495,0.224956,0.343860
154.399826,0.225045,0.343550
154.408157,0.225240,0.342531
154.416489,0.225342,0.341701
154.424820,0.225421,0.341047
154.433151,0.225463,0.340572
154.441483,0.225513,0.340102
154.449814,0.225552,0.339679
154.458145,0.225566,0.339339
154.466476,0.225602,0.338930
154.474808,0.225611,0.338529
154.483139,0.225593,0.338101
154.491470,0.225553,0.337621
154.499802,0.225511,0.337241
154.508133,0.225455,0.336894
154.516464,0.225389,0.336571
154.524796,0.225309,0.336144
154.533127,0.225224,0.335814
154.541458,0.225150,0.335534
154.549789,0.225075,0.335304
154.558121,0.224990,0.335143
154.566452,0.224883,0.334949
154.574783,0.224763,0.334753
154.583115,0.224643,0.334647
154.591446,0.224532,0.334677
154.599777,0.224383,0.334733
154.608109,0.224204,0.334769
154.616440,0.223994,0.334836
154.624771,0.223740,0.334975
154.633102,0.223461,0.335162
154.641434,0.223053,0.335310
154.649765,0.222607,0.335501
154.658096,0.222213,0.335786
154.666428,0.221614,0.336230
154.674759,0.221029,0.336680
154.683090,0.220453,0.337166
154.691422,0.219850,0.337719
154.699753,0.219286,0.338131
154.708084,0.218647,0.338573
154.716415,0.218037,0.338993
154.724747,0.217534,0.339352
154.733078,0.216667,0.339887
154.741409,0.215857,0.340327
154.749741,0.215108,0.340752
154.758072,0.214314,0.341250
154.766403,0.213595,0.341582
154.774734,0.212836,0.342022
154.783066,0.212184,0.342404
154.791397,0.211743,0.342612
154.799728,0.211282,0.342826
154.808060,0.210191,0.343308
154.816391,0.209118,0.343783
154.824722,0.208397,0.344015
154.833054,0.207752,0.344250
154.841385,0.207034,0.344453
154.849731,0.206219,0.344592
154.858047,0.205634,0.344712
154.866394,0.204948,0.344847
154.874725,0.204186,0.344957
154.883057,0.203440,0.344983
154.891388,0.202759,0.344933
154.899719,0.202121,0.344849
154.908051,0.201446,0.344721
154.916382,0.200657,0.344515
154.924713,0.200031,0.344279
154.933044,0.199330,0.344051
154.941376,0.198576,0.343789
154.949707,0.197872,0.343441
154.958038,0.197246,0.343125
154.966370,0.196738,0.342819
154.974701,0.196244,0.342481
154.983032,0.195688,0.342052
154.991364,0.195292,0.341701
154.999695,0.194840,0.341341
155.008026,0.194329,0.340938
155.016357,0.193853,0.340475
155.024689,0.193468,0.340136
155.033020,0.193106,0.339787
155.041351,0.192768,0.339441
155.049683,0.192477,0.339122
155.058014,0.192261,0.338916
155.066345,0.192043,0.338656
155.074677,0.191821,0.338359
155.083008,0.191600,0.338090
155.091339,0.191393,0.337777
155.099670,0.191222,0.337553
155.108002,0.191062,0.337310
155.116333,0.190899,0.336959
155.124664,0.190769,0.336717
155.132996,0.190676,0.336454
155.141327,0.190616,0.336176
155.149658,0.190564,0.335903
155.157990,0.190548,0.335643
155.166321,0.190518,0.335443
155.174652,0.190493,0.335255
155.182983,0.190499,0.335032
155.191315,0.190493,0.334912
155.199646,0.190487,0.334792
155.207977,0.190501,0.334592
155.216309,0.190531,0.334259
155.224640,0.190530,0.333950
155.232971,0.190545,0.333786
155.241302,0.190564,0.333596
155.249634,0.190585,0.333319
155.257965,0.190588,0.333010
155.266296,0.190608,0.332725
155.274628,0.190625,0.332468
155.282959,0.190633,0.332217
155.291290,0.190646,0.331884
155.299622,0.190682,0.331657
155.307953,0.190716,0.331389
155.316284,0.190738,0.331009
155.324615,0.190751,0.330669
155.332947,0.190771,0.330320
155.341278,0.190798,0.329926
155.349609,0.190835,0.329491
155.357941,0.190888,0.329093
155.366272,0.190951,0.328788
155.374603,0.190998,0.328434
155.382935,0.191031,0.328023
155.391266,0.191081,0.327659
155.399597,0.191152,0.327231
155.407928,0.191224,0.326710
155.416260,0.191287,0.326024
155.424606,0.191345,0.325282
155.432938,0.191383,0.324468
155.441269,0.191406,0.323418
155.449600,0.191407,0.321933
155.457932,0.191398,0.320691
155.466263,0.191365,0.319193
155.474594,0.191316,0.317342
155.482925,0.191267,0.314634
155.491257,0.191226,0.312618
155.499588,0.191192,0.310323
155.507919,0.191148,0.307891
155.516251,0.191096,0.305414
155.524582,0.191092,0.303161
155.532913,0.191103,0.300181
155.541245,0.191135,0.296683
155.549576,0.191165,0.293692
155.557907,0.191197,0.290749
155.566238,0.191247,0.287783
155.574570,0.191296,0.284689
155.582901,0.191337,0.281623
155.591232,0.191358,0.279774
155.599564,0.191372,0.277929
155.607895,0.191446,0.274054
155.616226,0.191541,0.269332
155.624557,0.191584,0.266326
155.632889,0.191627,0.263668
155.641220,0.191657,0.260970
155.649551,0.191658,0.257861
155.657883,0.191656,0.255447
155.666214,0.191633,0.252648
155.674545,0.191573,0.249091
155.682877,0.191489,0.245715
155.691208,0.191402,0.242768
155.699539,0.191273,0.239991
155.707870,0.191115,0.237149
155.716202,0.190924,0.233815
155.724533,0.190711,0.231178
155.732864,0.190490,0.228402
155.741196,0.190262,0.225575
155.749527,0.190030,0.222862
155.757858,0.189726,0.219920
155.766190,0.189460,0.217415
155.774521,0.189191,0.214968
155.782852,0.188868,0.212200
155.791183,0.188612,0.210138
155.799515,0.188330,0.208031
155.807846,0.188005,0.205818
155.816177,0.187533,0.202758
155.824509,0.186961,0.199328
155.832840,0.186502,0.196803
155.841171,0.186050,0.194402
155.849503,0.185573,0.191928
155.857834,0.185099,0.189559
155.866165,0.184553,0.187044
155.874496,0.183992,0.184573
155.882828,0.183432,0.182192
155.891159,0.182855,0.179914
155.899490,0.182114,0.177156
155.907822,0.181300,0.174267
155.916153,0.180499,0.171545
155.924484,0.179639,0.168788
155.932816,0.178761,0.166069
155.941147,0.177839,0.163305
155.949478,0.176884,0.160537
155.957809,0.175976,0.157989
155.966141,0.174909,0.155114
155.974487,0.173799,0.152206
155.982819,0.172712,0.149425
155.991150,0.171619,0.146678
155.999481,0.170517,0.144020
156.007812,0.169415,0.141414
156.016144,0.168329,0.138891
156.024475,0.167298,0.136565
156.032806,0.166507,0.134815
156.041138,0.165793,0.133258
156.049469,0.164312,0.130056
156.057800,0.163152,0.127584
156.066132,0.162278,0.125711
156.074463,0.161539,0.124142
156.082794,0.160898,0.122795
156.091125,0.160366,0.121673
156.099457,0.159779,0.120419
156.107788,0.159211,0.119226
156.116119,0.158729,0.118231
156.124451,0.158384,0.117474
156.132782,0.158003,0.116690
156.141113,0.157634,0.115945
156.149445,0.157299,0.115276
156.157776,0.157035,0.114742
156.166107,0.156693,0.114077
156.174438,0.156377,0.113471
156.182770,0.156132,0.112998
156.191101,0.155909,0.112558
156.199432,0.155657,0.112085
156.207764,0.155437,0.111674
156.216095,0.155275,0.111366
156.224426,0.155132,0.111094
156.232758,0.154953,0.110759
156.241089,0.154753,0.110386
156.249420,0.154639,0.110171
156.257751,0.154542,0.109981
156.266083,0.154462,0.109821
156.274414,0.154397,0.109686
156.282745,0.154357,0.109602
156.291077,0.154338,0.109548
156.299408,0.154322,0.109500
156.307739,0.154322,0.109472
156.316071,0.154328,0.109453
156.324402,0.154321,0.109417
156.332733,0.154351,0.109444
156.341064,0.154395,0.109498
156.349396,0.154417,0.109516
156.357727,0.154446,0.109546
156.366058,0.154477,0.109578
156.374390,0.154571,0.109693
156.382721,0.154624,0.109746
156.391052,0.154692,0.109820
156.399384,0.154742,0.109875
156.407715,0.154782,0.109915
156.416046,0.154817,0.109935
156.424377,0.154849,0.109954
156.432709,0.154884,0.109977
156.441040,0.154943,0.110035
156.449371,0.155012,0.110086
156.457703,0.155061,0.110107
156.466034,0.155069,0.110072
156.474365,0.155076,0.110034
156.482697,0.155087,0.110001
156.491028,0.155100,0.109977
156.499359,0.155130,0.109961
156.507690,0.155166,0.109954
156.516022,0.155190,0.109937
156.524353,0.155188,0.109877
156.532700,0.155247,0.109913
156.541016,0.155285,0.109914
156.549362,0.155296,0.109871
156.557693,0.155322,0.109865
156.566025,0.155342,0.109830
156.574356,0.155368,0.109803
156.582687,0.155409,0.109807
156.591019,0.155467,0.109840
156.599350,0.155520,0.109867
156.607681,0.155592,0.109918
156.616013,0.155674,0.109981
156.624344,0.155724,0.110003
156.632675,0.155800,0.110055
156.641006,0.155899,0.110141
156.649338,0.156006,0.110246
156.657669,0.156113,0.110351
156.666000,0.156236,0.110485
156.674332,0.156375,0.110641
156.682663,0.156528,0.110820
156.690994,0.156674,0.110999
156.699326,0.156886,0.111269
156.707657,0.157182,0.111662
156.715988,0.157449,0.112025
156.724319,0.157718,0.112396
156.732651,0.157984,0.112767
156.740982,0.158276,0.113183
156.749313,0.158580,0.113626
156.757645,0.158846,0.114017
156.765976,0.159171,0.114512
156.774307,0.159494,0.115012
156.782639,0.159798,0.115493
156.790970,0.160096,0.115975
156.799301,0.339612,0.116461
156.807632,0.339349,0.116914
156.815964,0.339124,0.117316
156.824295,0.338956,0.117630
156.832626,0.338787,0.117971
156.840958,0.338646,0.118285
156.849289,0.338543,0.118540
156.857620,0.338428,0.118860
156.865952,0.338383,0.119079
156.874283,0.338348,0.119298
156.882614,0.338306,0.119554
156.890945,0.338252,0.119839
156.899277,0.338203,0.120173
156.907608,0.338152,0.120584
156.915939,0.338084,0.121050
156.924271,0.337967,0.121650
156.932602,0.337867,0.122270
156.940933,0.337767,0.122939
156.949265,0.337664,0.123659
156.957596,0.337580,0.124306
156.965927,0.337465,0.125173
156.974258,0.337377,0.126082
156.982590,0.337352,0.126837
156.990921,0.337291,0.127790
156.999252,0.337226,0.128746
157.007584,0.337172,0.129670
157.015915,0.337135,0.130521
157.024246,0.337070,0.131836
157.032578,0.337041,0.133102
157.040909,0.337029,0.134269
157.049240,0.337019,0.135445
157.057571,0.337030,0.136674
157.065903,0.337033,0.137947
157.074234,0.337036,0.139269
157.082565,0.337040,0.140630
157.090897,0.337036,0.141893
157.099228,0.337077,0.143358
157.107574,0.337120,0.144898
157.115906,0.337132,0.146383
157.124237,0.337158,0.147916
157.132568,0.337213,0.149446
157.140900,0.337281,0.150904
157.149231,0.337355,0.152275
157.157562,0.337440,0.153565
157.165894,0.337584,0.155135
157.174225,0.337770,0.156969
157.182556,0.337892,0.158541
157.190887,0.338019,0.160110
157.199219,0.338158,0.161690
157.207550,0.338295,0.163399
157.215881,0.338419,0.165259
157.224213,0.338518,0.166729
157.232544,0.338610,0.168692
157.240875,0.338654,0.170987
157.249207,0.338645,0.173056
157.257538,0.338631,0.175188
157.265869,0.338602,0.177440
157.274200,0.338536,0.179788
157.282532,0.338423,0.182182
157.290863,0.338299,0.184257
157.299194,0.338169,0.186669
157.307526,0.338006,0.189324
157.315857,0.337794,0.191862
157.324188,0.337530,0.194658
157.332520,0.337286,0.197351
157.340851,0.337017,0.200027
157.349182,0.336687,0.202752
157.357513,0.336390,0.205442
157.365845,0.336046,0.208327
157.374176,0.335665,0.211306
157.382507,0.335272,0.214202
157.390839,0.334898,0.217167
157.399170,0.334507,0.220119
157.407501,0.334106,0.223017
157.415833,0.333712,0.225793
157.424164,0.333281,0.228582
157.432495,0.332818,0.231462
157.440826,0.332309,0.234511
157.449158,0.331773,0.237976
157.457489,0.331253,0.241381
157.465820,0.330815,0.244371
157.474152,0.330420,0.247178
157.482483,0.330063,0.249864
157.490814,0.329854,0.251949
157.499146,0.329652,0.254430
157.507477,0.329542,0.257122
157.515808,0.329566,0.259211
157.524139,0.329685,0.260973
157.532471,0.329919,0.262559
157.540802,0.330198,0.263986
157.549133,0.330484,0.265278
157.557465,0.330856,0.266108
157.565796,0.331342,0.267145
157.574127,0.331950,0.268306
157.582458,0.332458,0.269134
157.590790,0.333140,0.270020
157.599121,0.333754,0.270814
157.607452,0.334389,0.271536
157.615784,0.335083,0.272181
157.624115,0.335696,0.272675
157.632446,0.336330,0.273150
157.640778,0.336997,0.273591
157.649109,0.338239,0.274496
157.657455,0.339363,0.275137
157.665771,0.340392,0.275744
157.674118,0.341395,0.276305
157.682449,0.342388,0.276815
157.690781,0.343366,0.277347
157.699112,0.344576,0.277967
157.707443,0.345879,0.278611
157.715775,0.347057,0.279202
157.724106,0.348296,0.279851
157.732437,0.349529,0.280497
157.740768,0.350811,0.281164
157.749100,0.352150,0.281859
157.757431,0.353361,0.282495
157.765762,0.354643,0.283226
157.774094,0.355995,0.284039
157.782425,0.357395,0.284907
157.790756,0.358668,0.285736
157.799088,0.360079,0.286501
157.807419,0.361514,0.287235
157.815750,0.362901,0.287958
157.824081,0.364213,0.288679
157.832413,0.365642,0.289486
157.840744,0.367188,0.290411
157.849075,0.368825,0.291532
157.857407,0.370751,0.292999
157.865738,0.372189,0.294264
157.874069,0.373724,0.295560
157.882401,0.375303,0.296882
157.890732,0.376761,0.298186
157.899063,0.378318,0.299583
157.907394,0.379907,0.301136
157.915726,0.381438,0.302725
157.924057,0.382758,0.304066
157.932388,0.384575,0.305959
157.940720,0.386428,0.307958
157.949051,0.388061,0.309757
157.957382,0.389691,0.311537
157.965714,0.391352,0.313396
157.974045,0.393013,0.315261
157.982376,0.394621,0.317077
157.990707,0.395988,0.318668
157.999039,0.397887,0.320938
158.007370,0.399804,0.323362
158.015701,0.401465,0.325575
158.024033,0.403070,0.327785
158.032364,0.404796,0.330130
158.040695,0.406510,0.332450
158.049026,0.408100,0.334628
158.057358,0.409395,0.336480
158.065689,0.411178,0.339101
158.074020,0.412878,0.341637
158.082352,0.414172,0.343569
158.090683,0.416018,0.346726
158.099014,0.417477,0.349258
158.107346,0.418892,0.351892
158.115677,0.420241,0.354540
158.124008,0.421422,0.356878
158.132339,0.422915,0.360122
158.140671,0.424406,0.363419
158.149002,0.425726,0.366310
158.157333,0.426936,0.369028
158.165665,0.428174,0.371647
158.173996,0.429327,0.374068
158.182327,0.430376,0.376239
158.190659,0.431284,0.378003
158.198990,0.432514,0.380397
158.207321,0.433744,0.382754
158.215652,0.434777,0.384666
158.223984,0.435824,0.386521
158.232330,0.436862,0.388311
158.240662,0.437872,0.390036
158.248993,0.438820,0.391625
158.257324,0.439609,0.392839
158.265656,0.440625,0.394188
158.273987,0.441748,0.395408
158.282318,0.442737,0.396349
158.290649,0.443654,0.397274
158.298981,0.444658,0.398169
158.307312,0.445675,0.399045
158.315643,0.446660,0.399906
158.323975,0.447495,0.400702
158.332306,0.448568,0.401617
158.340637,0.449802,0.402640
158.348969,0.450754,0.403563
158.357300,0.451802,0.404418
158.365631,0.452860,0.405271
158.373962,0.453906,0.406076
158.382294,0.454924,0.406807
158.390625,0.455812,0.407386
158.398956,0.456934,0.408138
158.407288,0.458283,0.409067
158.415619,0.459374,0.409831
158.423950,0.460480,0.410742
158.432281,0.461579,0.411702
158.440613,0.462660,0.412720
158.448944,0.463695,0.413788
158.457275,0.464496,0.414563
158.465607,0.465492,0.415628
158.473938,0.466644,0.417042
158.482269,0.467418,0.418095
158.490601,0.468450,0.419565
158.498932,0.469357,0.420914
158.507263,0.470197,0.422167
158.515594,0.471056,0.423399
158.523926,0.471835,0.424652
158.532257,0.472667,0.426055
158.540588,0.473540,0.427528
158.548920,0.474330,0.428738
158.557251,0.475163,0.430058
158.565582,0.475894,0.431363
158.573914,0.476570,0.432632
158.582245,0.477255,0.433859
158.590576,0.477854,0.435134
158.598907,0.478501,0.436600
158.607239,0.479192,0.438279
158.615570,0.479716,0.439730
158.623901,0.480343,0.441429
158.632233,0.480933,0.443098
158.640564,0.481473,0.444702
158.648895,0.482005,0.446337
158.657227,0.482485,0.447906
158.665558,0.482990,0.449631
158.673889,0.483529,0.451506
158.682220,0.484023,0.453099
158.690552,0.484476,0.454776
158.698883,0.484905,0.456351
158.707214,0.485320,0.457859
158.715546,0.485732,0.459424
158.723877,0.486080,0.460640
158.732208,0.486448,0.461976
158.740540,0.486939,0.464090
158.748871,0.487295,0.465544
158.757202,0.487680,0.467058
158.765533,0.488038,0.468465
158.773865,0.488378,0.469818
158.782211,0.488736,0.471273
158.790543,0.489026,0.472288
158.798874,0.489308,0.473242
158.807205,0.489797,0.474764
158.815536,0.490339,0.476719
158.823868,0.490738,0.478211
158.832199,0.491130,0.479606
158.840530,0.491543,0.480988
158.848862,0.491939,0.482279
158.857193,0.492254,0.483345
158.865524,0.492651,0.484543
158.873856,0.493135,0.485908
158.882187,0.493736,0.487550
158.890518,0.494337,0.488847
158.898849,0.494915,0.490127
158.907181,0.495497,0.491317
158.915512,0.496047,0.492448
158.923843,0.496502,0.493565
158.932175,0.497152,0.494981
158.940506,0.497780,0.496333
158.948837,0.498339,0.497585
158.957169,0.498858,0.498825
158.965500,0.499527,0.500139
158.973831,0.500117,0.501286
158.982162,0.500647,0.502280
158.990494,0.501162,0.503089
158.998825,0.501896,0.504381
159.007156,0.502581,0.505603
159.015488,0.503156,0.506599
159.023819,0.503731,0.507577
159.032150,0.504399,0.508756
159.040482,0.505066,0.509761
159.048813,0.505683,0.510625
159.057144,0.506213,0.511409
159.065475,0.506956,0.512265
159.073807,0.507683,0.513075
159.082138,0.508355,0.513829
159.090469,0.509043,0.514554
159.098801,0.509803,0.515472
159.107132,0.510526,0.516294
159.115463,0.511178,0.517007
159.123795,0.511730,0.517623
159.132126,0.512532,0.518523
159.140457,0.513698,0.519773
159.148788,0.514605,0.520696
159.157120,0.515346,0.521477
159.165451,0.516292,0.522286
159.173782,0.517204,0.523086
159.182114,0.518031,0.523830
159.190445,0.518722,0.524449
159.198776,0.519690,0.525429
159.207108,0.520665,0.526503
159.215439,0.521502,0.527467
159.223770,0.522324,0.528443
159.232101,0.523214,0.529513
159.240433,0.524089,0.530580
159.248764,0.524896,0.531582
159.257095,0.525513,0.532396
159.265427,0.526141,0.533207
159.273758,0.526786,0.534013
159.282089,0.527983,0.535478
159.290421,0.528693,0.536425
159.298752,0.529371,0.537389
159.307083,0.530035,0.538337
159.315414,0.530664,0.539220
159.323746,0.531143,0.539905
159.332077,0.531794,0.540884
159.340424,0.532513,0.542116
159.348740,0.533034,0.543135
159.357086,0.533510,0.544063
159.365417,0.534043,0.545152
159.373749,0.534546,0.546274
159.382080,0.534991,0.547341
159.390411,0.535418,0.548302
159.398743,0.535867,0.549381
159.407074,0.536266,0.550421
159.415405,0.536595,0.551369
159.423737,0.536893,0.552335
159.432068,0.537229,0.553346
159.440399,0.537556,0.554272
159.448730,0.537848,0.555068
159.457062,0.537996,0.555699
159.465393,0.538210,0.556458
159.473724,0.538577,0.557496
159.482056,0.538789,0.558199
159.490387,0.538964,0.558825
159.498718,0.539155,0.559318
159.507050,0.539297,0.559790
159.515381,0.539385,0.560245
159.523712,0.539461,0.560513
159.532043,0.539515,0.560856
159.540375,0.539576,0.561220
159.548706,0.539652,0.561517
159.557037,0.539668,0.561793
159.565369,0.539713,0.562028
159.573700,0.539714,0.562249
159.582031,0.539666,0.562457
159.590363,0.539637,0.562566
159.598694,0.539592,0.562722
159.607025,0.539506,0.562915
159.615356,0.539407,0.563078
159.623688,0.539331,0.563199
159.632019,0.539215,0.563344
159.640350,0.539053,0.563466
159.648682,0.538871,0.563545
159.657013,0.538727,0.563603
159.665344,0.538552,0.563673
159.673676,0.538337,0.563761
159.682007,0.538016,0.563922
159.690338,0.537749,0.564052
159.698669,0.537468,0.564200
159.707001,0.537178,0.564352
159.715332,0.536891,0.564502
159.723663,0.536679,0.564671
159.731995,0.536441,0.564783
159.740326,0.536209,0.564871
159.748657,0.536007,0.564952
159.756989,0.535805,0.564989
159.765320,0.535620,0.564990
159.773651,0.535441,0.564987
159.781982,0.535259,0.564994
159.790314,0.535147,0.564966
159.798645,0.535038,0.564937
159.806976,0.534856,0.565023
159.815308,0.534600,0.565151
159.823639,0.534325,0.565240
159.831970,0.534081,0.565421
159.840302,0.533995,0.565439
159.848633,0.533910,0.565475
159.856964,0.533800,0.565536
159.865295,0.533693,0.565515
159.873627,0.533621,0.565464
159.881958,0.533551,0.565352
159.890289,0.533476,0.565189
159.898621,0.533385,0.565072
159.906952,0.533331,0.564935
159.915298,0.533264,0.564769
159.923615,0.533170,0.564578
159.931961,0.533080,0.564410
159.940292,0.532972,0.564264
159.948624,0.532844,0.564098
159.956955,0.532708,0.563897
159.965286,0.532617,0.563649
159.973618,0.532526,0.563399
159.981949,0.532389,0.563031
159.990280,0.532223,0.562568
159.998611,0.532134,0.562233
160.006943,0.531999,0.561742
160.015274,0.531876,0.561228
160.023605,0.531770,0.560727
160.031937,0.531594,0.560176
160.040268,0.531438,0.559749
160.048599,0.531299,0.559344
160.056931,0.531176,0.558949
160.065262,0.531064,0.558642
160.073593,0.530945,0.558255
160.081924,0.530814,0.557897
160.090256,0.530674,0.557584
160.098587,0.530505,0.557178
160.106918,0.530344,0.556870
160.115250,0.530188,0.556546
160.123581,0.530035,0.556212
160.131912,0.529872,0.556014
160.140244,0.529750,0.555779
160.148575,0.529643,0.555574
160.156906,0.529542,0.555402
160.165237,0.529427,0.555209
160.173569,0.529308,0.555118
160.181900,0.529192,0.555055
160.190231,0.529078,0.554987
160.198563,0.528952,0.554898
160.206894,0.528871,0.554834
160.215225,0.528779,0.554799
160.223557,0.528662,0.554789
160.231888,0.528481,0.554719
160.240219,0.528380,0.554686
160.248550,0.528281,0.554632
160.256882,0.528180,0.554542
160.265213,0.528109,0.554416
160.273544,0.528011,0.554213
160.281876,0.527908,0.554003
160.290207,0.527810,0.553824
160.298538,0.527687,0.553488
160.306870,0.527567,0.553194
160.315201,0.527452,0.552935
160.323532,0.527342,0.552683
160.331863,0.527254,0.552380
160.340195,0.527176,0.552097
160.348526,0.527094,0.551848
160.356857,0.526973,0.551686
160.365189,0.526839,0.551518
160.373520,0.526708,0.551346
160.381851,0.526582,0.551171
160.390182,0.526385,0.550976
160.398514,0.526259,0.550781
160.406845,0.526164,0.550575
160.415176,0.526063,0.550355
160.423508,0.525969,0.550166
160.431839,0.525857,0.549933
160.440170,0.525724,0.549654
160.448502,0.525593,0.549393
160.456833,0.525426,0.549078
160.465179,0.525288,0.548806
160.473495,0.525160,0.548582
160.481842,0.525026,0.548397
160.490173,0.524872,0.548225
160.498505,0.524690,0.548021
160.506836,0.524501,0.547841
160.515167,0.524346,0.547743
160.523499,0.524145,0.547566
160.531830,0.523923,0.547477
160.540161,0.523680,0.547385
160.548492,0.523424,0.547223
160.556824,0.523208,0.547127
160.565155,0.522936,0.546945
160.573486,0.522645,0.546713
160.581818,0.522408,0.546529
160.590149,0.522042,0.546208
160.598480,0.521671,0.545856
160.606812,0.521279,0.545486
160.615143,0.520865,0.545110
160.623474,0.520527,0.544750
160.631805,0.520123,0.544258
160.640137,0.519624,0.543557
160.648468,0.519096,0.542744
160.656799,0.518673,0.542060
160.665131,0.518181,0.541294
160.673462,0.517661,0.540477
160.681793,0.517155,0.539653
160.690125,0.516756,0.538949
160.698456,0.516231,0.538034
160.706787,0.515602,0.536984
160.715118,0.515054,0.536123
160.723450,0.514528,0.535306
160.731781,0.514044,0.534587
160.740112,0.513549,0.533885
160.748444,0.513050,0.533211
160.756775,0.512621,0.532662
160.765106,0.512108,0.532069
160.773438,0.511558,0.531526
160.781769,0.511043,0.531080
160.790100,0.510597,0.530722
160.798431,0.510073,0.530466
160.806763,0.509546,0.530275
160.815094,0.509044,0.530137
160.823425,0.508596,0.530053
160.831757,0.507995,0.529973
160.840088,0.507313,0.529897
160.848419,0.506711,0.529835
160.856750,0.506106,0.529827
160.865082,0.505537,0.529796
160.873413,0.504904,0.529780
160.881744,0.504246,0.529784
160.890076,0.503730,0.529798
160.898407,0.502984,0.529865
160.906738,0.502078,0.529920
160.915070,0.501291,0.529900
160.923401,0.500516,0.529897
160.931732,0.499655,0.529859
160.940063,0.498876,0.529809
160.948395,0.498171,0.529753
160.956726,0.497543,0.529617
160.965057,0.496744,0.529493
160.973389,0.495460,0.529456
160.981720,0.494520,0.529473
160.990051,0.493698,0.529456
160.998383,0.492832,0.529534
161.006714,0.492011,0.529577
161.015045,0.491244,0.529584
161.023376,0.490529,0.529607
161.031708,0.489655,0.529567
161.040054,0.488839,0.529502
161.048386,0.488122,0.529438
161.056717,0.487382,0.529352
161.065048,0.486698,0.529128
161.073380,0.486047,0.528936
161.081711,0.485446,0.528788
161.090042,0.484987,0.528629
161.098373,0.484414,0.528429
161.106705,0.483759,0.528184
161.115036,0.483205,0.527955
161.123367,0.482721,0.527752
161.131699,0.482220,0.527506
161.140030,0.481738,0.527275
161.148361,0.481292,0.527044
161.156693,0.480900,0.526748
161.165024,0.480497,0.526491
161.173355,0.480099,0.526211
161.181686,0.479710,0.525910
161.190018,0.479335,0.525629
161.198349,0.478967,0.525299
161.206680,0.478589,0.525073
161.215012,0.478226,0.524918
161.223343,0.477943,0.524650
161.231674,0.477536,0.524465
161.240005,0.477126,0.524223
161.248337,0.476772,0.523949
161.256668,0.476448,0.523823
161.264999,0.476133,0.523589
161.273331,0.475863,0.523394
161.281662,0.475629,0.523242
161.289993,0.475400,0.523105
161.298325,0.475121,0.522817
161.306656,0.474852,0.522549
161.314987,0.474618,0.522362
161.323318,0.474392,0.522144
161.331650,0.474191,0.521969
161.339981,0.474016,0.521791
161.348312,0.473865,0.521615
161.356644,0.473755,0.521500
161.364975,0.473625,0.521257
161.373306,0.473497,0.521000
161.381638,0.473402,0.520853
161.389969,0.473366,0.520719
161.398300,0.473296,0.520627
161.406631,0.473267,0.520521
161.414963,0.473281,0.520407
161.423294,0.473291,0.520341
161.431625,0.473319,0.520320
161.439957,0.473356,0.520302
161.448288,0.473378,0.520223
161.456619,0.473516,0.520319
161.464951,0.473595,0.520400
161.473282,0.473690,0.520450
161.481613,0.473806,0.520491
161.489944,0.473946,0.520589
161.498276,0.474073,0.520712
161.506607,0.474204,0.520851
161.514938,0.474343,0.520997
161.523270,0.474432,0.521069
161.531601,0.474521,0.521141
161.539932,0.474730,0.521347
161.548264,0.474962,0.521614
161.556595,0.475135,0.521673
161.564926,0.475335,0.521702
161.573257,0.475518,0.521759
161.581589,0.475664,0.521808
161.589920,0.475763,0.521834
161.598267,0.475896,0.521887
161.606583,0.476077,0.522002
161.614929,0.476240,0.522096
161.623260,0.476380,0.522142
161.631592,0.476463,0.522192
161.639923,0.476600,0.522238
161.648254,0.476742,0.522242
161.656586,0.476855,0.522175
161.664917,0.477027,0.522156
161.673248,0.477181,0.522257
161.681580,0.477296,0.522300
161.689911,0.477379,0.522263
161.698242,0.477481,0.522353
161.706573,0.477584,0.522372
161.714905,0.477676,0.522393
161.723236,0.477752,0.522446
161.731567,0.477804,0.522483
161.739899,0.477854,0.522519
161.748230,0.478007,0.522448
161.756561,0.478103,0.522470
161.764893,0.478149,0.522396
161.773224,0.478233,0.522313
161.781555,0.478329,0.522218
161.789886,0.478425,0.522112
161.798218,0.478521,0.521988
161.806549,0.478643,0.521831
161.814880,0.478777,0.521595
161.823212,0.478876,0.521353
161.831543,0.478952,0.521296
161.839874,0.479060,0.521092
161.848206,0.479160,0.520920
161.856537,0.479236,0.520879
161.864868,0.479335,0.520853
161.873199,0.479428,0.520832
161.881531,0.479511,0.520811
161.889862,0.479585,0.520788
161.898193,0.479700,0.520721
161.906525,0.479787,0.520617
161.914856,0.479874,0.520538
161.923187,0.479975,0.520510
161.931519,0.480037,0.520409
161.939850,0.480146,0.520305
161.948181,0.480266,0.520201
161.956512,0.480363,0.520101
161.964844,0.480388,0.520026
161.973175,0.480456,0.520041
161.981506,0.480548,0.520091
161.989838,0.480643,0.520112
161.998169,0.480700,0.520066
162.006500,0.480789,0.520095
162.014832,0.480865,0.520133
162.023163,0.480879,0.520111
162.031494,0.480922,0.520137
162.039825,0.480959,0.520196
162.048157,0.481010,0.520267
162.056488,0.481099,0.520330
162.064819,0.481130,0.520375
162.073151,0.481125,0.520391
162.081482,0.481122,0.520422
162.089813,0.481173,0.520526
162.098145,0.481229,0.520641
162.106476,0.481278,0.520782
162.114807,0.481321,0.520936
162.123138,0.481366,0.521100
162.131470,0.481390,0.521176
162.139801,0.481413,0.521250
162.148148,0.481555,0.521315
162.156464,0.481647,0.521331
162.164810,0.481796,0.521305
162.173141,0.481930,0.521343
162.181473,0.482056,0.521378
162.189804,0.482194,0.521302
162.198135,0.482289,0.521458
162.206467,0.482370,0.521582
162.214798,0.482442,0.521677
162.223129,0.482511,0.521778
162.231461,0.482609,0.521984
162.239792,0.482713,0.522129
162.248123,0.482806,0.522180
162.256454,0.482878,0.522232
162.264786,0.482951,0.522350
162.273117,0.483021,0.522363
162.281448,0.483086,0.522263
162.289780,0.483147,0.522255
162.298111,0.483200,0.522172
162.306442,0.483249,0.522031
162.314774,0.483308,0.522051
162.323105,0.483326,0.521990
162.331436,0.483325,0.521933
162.339767,0.483324,0.521883
162.348099,0.483327,0.521838
162.356430,0.483323,0.521785
162.364761,0.483319,0.521734
162.373093,0.483312,0.521619
162.381424,0.483306,0.521450
162.389755,0.483305,0.521371
162.398087,0.483360,0.521248
162.406418,0.483399,0.521140
162.414749,0.483407,0.521041
162.423080,0.483423,0.520829
162.431412,0.483438,0.520651
162.439743,0.483447,0.520569
162.448074,0.483450,0.520589
162.456406,0.483446,0.520527
162.464737,0.483440,0.520531
162.473068,0.483429,0.520546
162.481400,0.483420,0.520562
162.489731,0.483448,0.520595
162.498062,0.483445,0.520508
162.506393,0.483444,0.520394
162.514725,0.483458,0.520309
162.523056,0.483454,0.520243
162.531387,0.483452,0.520160
162.539719,0.483478,0.520055
162.548050,0.483524,0.519928
162.556381,0.483510,0.519813
162.564713,0.483541,0.519721
162.573044,0.483551,0.519619
162.581375,0.483527,0.519501
162.589706,0.483551,0.519410
162.598038,0.483572,0.519279
162.606369,0.483577,0.519191
162.614700,0.483570,0.519167
162.623032,0.483601,0.519110
162.631363,0.483604,0.519080
162.639694,0.483591,0.519064
162.648026,0.483577,0.519053
162.656357,0.483552,0.519080
162.664688,0.483567,0.519017
162.673019,0.483584,0.518989
162.681351,0.483586,0.519032
162.689682,0.483547,0.519007
162.698013,0.483524,0.518902
162.706345,0.483494,0.518806
162.714676,0.483441,0.518794
162.723022,0.483413,0.518796
162.731339,0.483384,0.518742
162.739685,0.483377,0.518687
162.748016,0.483404,0.518667
162.756348,0.483354,0.518587
162.764679,0.483352,0.518472
162.773010,0.483367,0.518359
162.781342,0.483337,0.518298
162.789673,0.483299,0.518234
162.798004,0.483294,0.518214
162.806335,0.483299,0.518256
162.814667,0.483296,0.518367
162.822998,0.483265,0.518386
162.831329,0.483251,0.518411
162.839661,0.483277,0.518467
162.847992,0.483312,0.518533
162.856323,0.483298,0.518545
162.864655,0.483315,0.518569
162.872986,0.483336,0.518595
162.881317,0.483339,0.518614
162.889648,0.483392,0.518662
162.897980,0.483461,0.518723
162.906311,0.483536,0.518823
162.914642,0.483573,0.518947
162.922974,0.483614,0.519074
162.931305,0.483663,0.519210
162.939636,0.483785,0.519502
162.947968,0.483900,0.519892
162.956299,0.483999,0.520344
162.964630,0.484117,0.520853
162.972961,0.484254,0.521426
162.981293,0.484397,0.522018
162.989624,0.484522,0.522639
162.997955,0.484629,0.523243
163.006287,0.484730,0.523906
163.014618,0.484834,0.524683
163.022949,0.484952,0.525355
163.031281,0.485024,0.526138
163.039612,0.485076,0.526917
163.047943,0.485136,0.527576
163.056274,0.485184,0.528339
163.064606,0.485225,0.528948
163.072937,0.485272,0.529532
163.081268,0.485333,0.530159
163.089600,0.485409,0.530803
163.097931,0.485485,0.531347
163.106262,0.485569,0.531828
163.114594,0.485672,0.532247
163.122925,0.485769,0.532726
163.131256,0.485885,0.533215
163.139587,0.486001,0.533689
163.147919,0.486094,0.534123
163.156250,0.486191,0.534429
163.164581,0.486283,0.534738
163.172913,0.486390,0.534969
163.181244,0.486521,0.535079
163.189575,0.486617,0.535199
163.197906,0.486771,0.535266
163.206238,0.486962,0.535291
163.214569,0.487175,0.535283
163.222900,0.487328,0.535275
163.231232,0.487503,0.535255
163.239563,0.487721,0.535216
163.247894,0.487887,0.535208
163.256226,0.488014,0.535107
163.264557,0.488157,0.535041
163.272903,0.488296,0.534999
163.281219,0.488420,0.534977
163.289566,0.488516,0.534983
163.297897,0.488640,0.535016
163.306229,0.488813,0.535067
163.314560,0.488958,0.535058
163.322891,0.489099,0.535049
163.331223,0.489233,0.535026
163.339554,0.489363,0.534981
163.347885,0.489488,0.534914
163.356216,0.489560,0.534879
163.364548,0.489632,0.534845
163.372879,0.489764,0.534825
163.381210,0.489924,0.534717
163.389542,0.490103,0.534601
163.397873,0.490188,0.534431
163.406204,0.490264,0.534376
163.414536,0.490332,0.534255
163.422867,0.490394,0.534002
163.431198,0.490462,0.533721
163.439529,0.490537,0.533380
163.447861,0.490617,0.533008
163.456192,0.490707,0.532607
163.464523,0.490806,0.532224
163.472855,0.490872,0.531823
163.481186,0.490932,0.531484
163.489517,0.491001,0.531218
163.497849,0.491056,0.530659
163.506180,0.491087,0.530252
163.514511,0.491115,0.529797
163.522842,0.491143,0.529226
163.531174,0.491163,0.528829
163.539505,0.491195,0.528297
163.547836,0.491220,0.527800
163.556168,0.491232,0.527404
163.564499,0.491280,0.526970
163.572830,0.491333,0.526540
163.581161,0.491332,0.526280
163.589493,0.491266,0.526273
163.597824,0.491217,0.526438
163.606155,0.491012,0.526809
163.614487,0.490788,0.527259
163.622818,0.490620,0.527701
163.631149,0.490299,0.528654
163.639481,0.490015,0.529433
163.647812,0.489754,0.530180
163.656143,0.489496,0.530904
163.664474,0.489244,0.531269
163.672806,0.488978,0.531714
163.681137,0.488753,0.532018
163.689468,0.488583,0.532120
163.697800,0.488316,0.532086
163.706131,0.488092,0.531881
163.714462,0.487903,0.531627
163.722794,0.487729,0.531346
163.731125,0.487560,0.531001
163.739456,0.487411,0.530649
163.747787,0.487291,0.530325
163.756119,0.487195,0.530039
163.764450,0.487094,0.529734
163.772781,0.486912,0.529057
163.781113,0.486679,0.528285
163.789444,0.486481,0.527679
163.797775,0.486330,0.527048
163.806107,0.486158,0.526460
163.814438,0.485974,0.525872
163.822769,0.485779,0.525208
163.831100,0.485545,0.524412
163.839432,0.485301,0.523545
163.847778,0.485052,0.522641
163.856110,0.484707,0.521600
163.864441,0.484405,0.520690
163.872772,0.484143,0.519867
163.881104,0.483871,0.518993
163.889435,0.483458,0.517684
163.897766,0.483173,0.516565
163.906097,0.482871,0.515378
163.914429,0.482572,0.514169
163.922760,0.482317,0.513041
163.931091,0.481966,0.511467
163.939423,0.481611,0.509895
163.947754,0.481288,0.508508
163.956085,0.480927,0.507039
163.964417,0.480610,0.505758
163.972748,0.480292,0.504535
163.981079,0.479982,0.503360
163.989410,0.479712,0.502299
163.997742,0.479391,0.501018
164.006073,0.479006,0.499487
164.014404,0.478621,0.497933
164.022736,0.478318,0.496516
164.031067,0.477977,0.495148
164.039398,0.477635,0.493827
164.047729,0.477301,0.492520
164.056061,0.476987,0.491164
164.064392,0.476589,0.489615
164.072723,0.476230,0.488098
164.081055,0.475906,0.486631
164.089386,0.475542,0.485108
164.097717,0.475186,0.483567
164.106049,0.474873,0.482113
164.114380,0.474582,0.480723
164.122711,0.474266,0.479395
164.131042,0.473959,0.477884
164.139374,0.473740,0.476558
164.147705,0.473573,0.475365
164.156036,0.473409,0.474156
164.164368,0.473237,0.473051
164.172699,0.473069,0.472111
164.181030,0.472901,0.471302
164.189362,0.472720,0.470583
164.197693,0.472543,0.469883
164.206024,0.472388,0.469231
164.214355,0.472255,0.468623
164.222687,0.472078,0.468069
164.231018,0.471975,0.467661
164.239349,0.471887,0.467313
164.247681,0.471815,0.467002
164.256012,0.471786,0.466631
164.264343,0.471763,0.466357
164.272675,0.471764,0.466114
164.281006,0.471791,0.465867
164.289337,0.471782,0.465711
164.297668,0.471810,0.465541
164.306000,0.471846,0.465372
164.314331,0.471876,0.465210
164.322662,0.471872,0.465084
164.330994,0.471919,0.464901
164.339325,0.471968,0.464707
164.347656,0.471985,0.464534
164.355988,0.472027,0.464288
164.364319,0.472081,0.464103
164.372650,0.472143,0.463960
164.380981,0.472212,0.463851
164.389313,0.472276,0.463783
164.397644,0.472330,0.463707
164.405991,0.472393,0.463671
164.414307,0.472473,0.463685
164.422653,0.472515,0.463575
164.430984,0.472532,0.463581
164.439316,0.472558,0.463605
164.447647,0.472596,0.463612
164.455978,0.472569,0.463634
164.464310,0.472544,0.463680
164.472641,0.472540,0.463722
164.480972,0.472563,0.463736
164.489304,0.472596,0.463688
164.497635,0.472637,0.463606
164.505966,0.472667,0.463522
164.514297,0.472675,0.463450
164.522629,0.472675,0.463365
164.530960,0.472668,0.463344
164.539291,0.472651,0.463398
164.547623,0.472624,0.463487
164.555954,0.472557,0.463455
164.564285,0.472515,0.463496
164.572617,0.472501,0.463591
164.580948,0.472516,0.463721
164.589279,0.472522,0.463736
164.597610,0.472491,0.463754
164.605942,0.472443,0.463740
164.614273,0.472411,0.463680
164.622604,0.472400,0.463656
164.630936,0.472371,0.463617
164.639267,0.472256,0.463510
164.647598,0.472248,0.463510
164.655930,0.472210,0.463415
164.664261,0.472203,0.463429
164.672592,0.472204,0.463519
164.680923,0.472195,0.463635
164.689255,0.472272,0.463911
164.697586,0.472367,0.464209
164.705917,0.472513,0.464514
164.714249,0.472722,0.464827
164.722580,0.472992,0.465324
164.730911,0.473380,0.465913
164.739243,0.473824,0.466492
164.747574,0.474287,0.467020
164.755905,0.474798,0.467709
164.764236,0.475404,0.468548
164.772568,0.476030,0.469355
164.780899,0.476649,0.470076
164.789230,0.477449,0.471032
164.797562,0.478459,0.472207
164.805893,0.479612,0.473512
164.814224,0.480735,0.474755
164.822556,0.482013,0.476125
164.830887,0.483217,0.477374
164.839218,0.484492,0.478659
164.847549,0.485911,0.480051
164.855881,0.487331,0.481427
164.864212,0.488965,0.482971
164.872543,0.490687,0.484579
164.880875,0.492375,0.486147
164.889206,0.494121,0.487762
164.897537,0.495888,0.489389
164.905869,0.497641,0.490965
164.914200,0.499365,0.492468
164.922531,0.501272,0.494194
164.930862,0.503287,0.495972
164.939194,0.505343,0.497777
164.947525,0.507381,0.499577
164.955872,0.509509,0.501378
164.964188,0.511407,0.502926
164.972534,0.513353,0.504478
164.980865,0.515478,0.506143
164.989197,0.517340,0.507523
164.997528,0.519506,0.509054
165.005859,0.521679,0.510526
165.014191,0.523589,0.511784
165.022522,0.525722,0.513099
165.030853,0.527636,0.514173
165.039185,0.529461,0.515133
165.047516,0.531234,0.516015
165.055847,0.533060,0.516826
165.064178,0.534482,0.517449
165.072510,0.535695,0.517974
165.080841,0.538090,0.518770
165.089172,0.540678,0.519570
165.097504,0.542099,0.519762
165.105835,0.543604,0.520013
165.114166,0.545038,0.520265
165.122498,0.546299,0.520479
165.130829,0.547844,0.520659
165.139160,0.549273,0.520886
165.147491,0.550595,0.521087
165.155823,0.551825,0.521231
165.164154,0.552843,0.521410
165.172485,0.553987,0.521611
165.180817,0.555091,0.521824
165.189148,0.556038,0.522036
165.197479,0.557153,0.522076
165.205811,0.558207,0.522167
165.214142,0.559244,0.522248
165.222473,0.560272,0.522280
165.230804,0.561156,0.522312
165.239136,0.562091,0.522378
165.247467,0.562975,0.522479
165.255798,0.563738,0.522614
165.264130,0.564794,0.522872
165.272461,0.565661,0.523232
165.280792,0.566471,0.523670
165.289124,0.567304,0.524204
165.297455,0.568045,0.524815
165.305786,0.568893,0.525499
165.314117,0.569740,0.526282
165.322449,0.570500,0.527134
165.330780,0.571185,0.528011
165.339111,0.571963,0.529112
165.347443,0.572769,0.530308
165.355774,0.573527,0.531445
165.364105,0.574232,0.532608
165.372437,0.575039,0.533972
165.380768,0.575909,0.535418
165.389099,0.576802,0.536843
165.397430,0.577692,0.538179
165.405762,0.578873,0.539882
165.414093,0.580149,0.541826
165.422424,0.581353,0.543795
165.430756,0.582540,0.545601
165.439087,0.583837,0.547556
165.447418,0.585170,0.549492
165.455750,0.586468,0.551243
165.464081,0.587354,0.552530
165.472412,0.588188,0.553760
165.480743,0.589829,0.556193
165.489075,0.592629,0.560245
165.497406,0.594904,0.563321
165.505737,0.596821,0.565707
165.514069,0.598483,0.567710
165.522400,0.600090,0.569621
165.530746,0.602164,0.572085
165.539062,0.604274,0.574537
165.547409,0.606232,0.576897
165.555740,0.608123,0.579158
165.564072,0.610011,0.581311
165.572403,0.612169,0.583718
165.580734,0.614281,0.585900
165.589066,0.616200,0.587778
165.597397,0.617847,0.589334
165.605728,0.619971,0.591315
165.614059,0.621951,0.593173
165.622391,0.623724,0.594877
165.630722,0.625370,0.596514
165.639053,0.627067,0.598233
165.647385,0.628779,0.599883
165.655716,0.630302,0.601404
165.664047,0.631493,0.602772
165.672379,0.633043,0.604529
165.680710,0.634554,0.606340
165.689041,0.635843,0.607988
165.697372,0.636916,0.609415
165.705704,0.638208,0.611058
165.714035,0.639360,0.612565
165.722366,0.640300,0.613885
165.730698,0.641047,0.615053
165.739029,0.641995,0.616806
165.747360,0.642822,0.618564
165.755692,0.643492,0.620163
165.764023,0.644044,0.621653
165.772354,0.644660,0.623391
165.780685,0.645285,0.625007
165.789017,0.645830,0.626443
165.797348,0.646218,0.627689
165.805679,0.646662,0.629332
165.814011,0.647059,0.631247
165.822342,0.647379,0.633112
165.830673,0.647685,0.634732
165.839005,0.647901,0.636608
165.847336,0.648184,0.638670
165.855667,0.648469,0.640744
165.863998,0.648699,0.642694
165.872330,0.649032,0.644842
165.880661,0.649342,0.646688
165.888992,0.649625,0.648279
165.897324,0.650152,0.650597
165.905655,0.650713,0.652654
165.913986,0.651207,0.654099
165.922318,0.651677,0.655319
165.930649,0.652152,0.656503
165.938980,0.652579,0.657455
165.947311,0.652989,0.658387
165.955643,0.653373,0.659270
165.963974,0.653701,0.659981
165.972305,0.654017,0.660909
165.980637,0.654326,0.661875
165.988968,0.654628,0.662759
165.997299,0.654838,0.663619
166.005630,0.655067,0.664454
166.013962,0.655279,0.665160
166.022293,0.655452,0.665695
166.030624,0.655679,0.666285
166.038956,0.655885,0.666679
166.047287,0.656079,0.666979
166.055618,0.656284,0.667309
166.063950,0.656459,0.667435
166.072281,0.656615,0.667568
166.080612,0.656748,0.667684
166.088943,0.656858,0.667755
166.097275,0.656944,0.667845
166.105621,0.657011,0.667895
166.113953,0.657033,0.667906
166.122284,0.656988,0.667899
166.130615,0.657017,0.667828
166.138947,0.657032,0.667706
166.147278,0.657024,0.667562
166.155609,0.656986,0.667439
166.163940,0.656911,0.667287
166.172272,0.656814,0.667064
166.180603,0.656745,0.666833
166.188934,0.656712,0.666668
166.197266,0.656668,0.666414
166.205597,0.656620,0.666087
166.213928,0.656583,0.665753
166.222260,0.656582,0.665534
166.230591,0.656531,0.665261
166.238922,0.656448,0.665042
166.247253,0.656358,0.664882
166.255585,0.656258,0.664719
166.263916,0.656190,0.664586
166.272247,0.656124,0.664533
166.280579,0.656059,0.664541
166.288910,0.656025,0.664507
166.297241,0.655985,0.664469
166.305573,0.655935,0.664414
166.313904,0.655932,0.664361
166.322235,0.655921,0.664323
166.330566,0.655916,0.664390
166.338898,0.655901,0.664453
166.347229,0.655878,0.664545
166.355560,0.655861,0.664748
166.363892,0.655885,0.665091
166.372223,0.655968,0.665487
166.380554,0.656079,0.665828
166.388885,0.656201,0.666152
166.397217,0.656343,0.666445
166.405548,0.656492,0.666693
166.413879,0.656651,0.666905
166.422211,0.656828,0.667109
166.430542,0.656968,0.667345
166.438873,0.657073,0.667611
166.447205,0.657152,0.667907
166.455536,0.657233,0.668212
166.463867,0.657238,0.668542
166.472198,0.657208,0.668804
166.480530,0.657156,0.669010
166.488861,0.657081,0.669216
166.497192,0.656910,0.669292
166.505524,0.656641,0.669262
166.513855,0.656286,0.669140
166.522186,0.655855,0.668903
166.530518,0.655322,0.668420
166.538849,0.654691,0.667876
166.547180,0.653991,0.667310
166.555511,0.653313,0.666762
166.563843,0.652197,0.665941
166.572174,0.650646,0.664843
166.580505,0.649134,0.663768
166.588837,0.647521,0.662640
166.597168,0.645395,0.661072
166.605499,0.643038,0.659229
166.613831,0.640634,0.657171
166.622162,0.638417,0.654986
166.630493,0.635519,0.651761
166.638824,0.632726,0.648437
166.647156,0.630065,0.645138
166.655502,0.626859,0.641078
166.663834,0.623964,0.637668
166.672165,0.620941,0.634155
166.680496,0.617828,0.630560
166.688828,0.614812,0.627072
166.697159,0.611443,0.623327
166.705490,0.608018,0.619573
166.713821,0.604596,0.615848
166.722153,0.600760,0.611769
166.730484,0.597486,0.608439
166.738815,0.593987,0.604943
166.747147,0.590286,0.601330
166.755478,0.587063,0.598329
166.763809,0.583340,0.594953
166.772141,0.579472,0.591472
166.780472,0.575726,0.588143
166.788803,0.572185,0.585166
166.797134,0.568751,0.582188
166.805466,0.565267,0.579139
166.813797,0.561852,0.576125
166.822128,0.559215,0.573716
166.830460,0.555830,0.570625
166.838791,0.551577,0.566845
166.847122,0.547606,0.563519
166.855453,0.543958,0.560525
166.863785,0.540048,0.557522
166.872116,0.536044,0.554608
166.880447,0.532046,0.551873
166.888779,0.528296,0.549569
166.897110,0.524405,0.547354
166.905441,0.520346,0.545119
166.913773,0.516157,0.542764
166.922104,0.512251,0.540272
166.930435,0.508579,0.537697
166.938766,0.504947,0.534969
166.947098,0.501437,0.532227
166.955429,0.498399,0.529957
166.963760,0.495200,0.527638
166.972092,0.491660,0.525104
166.980423,0.487777,0.522374
166.988754,0.484825,0.520538
166.997086,0.481862,0.518863
167.005417,0.478826,0.517127
167.013748,0.475893,0.515398
167.022079,0.473518,0.513950
167.030411,0.470436,0.512011
167.038742,0.467363,0.510028
167.047073,0.464745,0.508254
167.055405,0.462256,0.506304
167.063736,0.459857,0.504398
167.072067,0.457539,0.502514
167.080399,0.455328,0.500694
167.088730,0.453284,0.499045
167.097061,0.451093,0.497369
167.105392,0.449288,0.496064
167.113724,0.447937,0.495156
167.122055,0.445620,0.493566
167.130386,0.442940,0.491666
167.138718,0.440900,0.490197
167.147049,0.439097,0.488908
167.155380,0.437536,0.487814
167.163712,0.435640,0.486497
167.172043,0.433749,0.485245
167.180374,0.431991,0.484129
167.188705,0.430294,0.483028
167.197037,0.428648,0.481967
167.205368,0.426955,0.480923
167.213715,0.425293,0.479917
167.222031,0.423885,0.478994
167.230377,0.422135,0.477904
167.238708,0.420369,0.476822
167.247040,0.418732,0.475763
167.255371,0.417154,0.474534
167.263702,0.415716,0.473404
167.272034,0.414227,0.472249
167.280365,0.412780,0.471138
167.288696,0.411813,0.470367
167.297028,0.410479,0.469369
167.305359,0.408883,0.468266
167.313690,0.407644,0.467448
167.322021,0.406481,0.466711
167.330353,0.405361,0.466029
167.338684,0.404246,0.465460
167.347015,0.403182,0.464983
167.355347,0.402332,0.464516
167.363678,0.401338,0.464010
167.372009,0.400331,0.463533
167.380341,0.399399,0.463107
167.388672,0.398537,0.462657
167.397003,0.397709,0.462244
167.405334,0.396920,0.461835
167.413666,0.396171,0.461430
167.421997,0.395462,0.461045
167.430328,0.394772,0.460689
167.438660,0.394072,0.460308
167.446991,0.393330,0.459821
167.455322,0.392579,0.459189
167.463654,0.392041,0.458816
167.471985,0.391537,0.458385
167.480316,0.391050,0.457906
167.488647,0.390360,0.457185
167.496979,0.389789,0.456592
167.505310,0.389295,0.455946
167.513641,0.388831,0.455337
167.521973,0.388378,0.454838
167.530304,0.388029,0.454260
167.538635,0.387649,0.453734
167.546967,0.387302,0.453261
167.555298,0.387049,0.452825
167.563629,0.386638,0.452260
167.571960,0.386325,0.451774
167.580292,0.386076,0.451355
167.588623,0.385809,0.450947
167.596954,0.385584,0.450528
167.605286,0.385375,0.450127
167.613617,0.385174,0.449735
167.621948,0.384858,0.448930
167.630280,0.384635,0.448280
167.638611,0.384426,0.447702
167.646942,0.384235,0.447103
167.655273,0.384067,0.446416
167.663605,0.383946,0.445745
167.671936,0.383802,0.445082
167.680267,0.383669,0.444414
167.688599,0.383584,0.443726
167.696930,0.383405,0.442814
167.705261,0.383247,0.441953
167.713593,0.383116,0.441198
167.721924,0.382983,0.440513
167.730255,0.382800,0.439821
167.738586,0.382594,0.439030
167.746918,0.382407,0.438285
167.755249,0.382267,0.437687
167.763580,0.382059,0.436792
167.771912,0.381810,0.435943
167.780258,0.381540,0.435183
167.788589,0.381243,0.434472
167.796921,0.380925,0.434109
167.805252,0.380589,0.433545
167.813583,0.380252,0.432955
167.821915,0.379933,0.432544
167.830246,0.379520,0.432081
167.838577,0.379038,0.431655
167.846909,0.378535,0.431265
167.855240,0.378069,0.430795
167.863571,0.377654,0.430599
167.871902,0.377129,0.430394
167.880234,0.376590,0.430207
167.888565,0.376134,0.430053
167.896896,0.375776,0.429991
167.905228,0.375418,0.429931
167.913559,0.374562,0.429650
167.921890,0.374059,0.429513
167.930222,0.373485,0.429307
167.938553,0.372810,0.429090
167.946884,0.372141,0.428902
167.955215,0.371584,0.428727
167.963547,0.370992,0.428451
167.971878,0.370357,0.428214
167.980209,0.369772,0.428013
167.988541,0.369290,0.427826
167.996872,0.368535,0.427632
168.005203,0.367770,0.427449
168.013535,0.367087,0.427316
168.021866,0.366445,0.427231
168.030197,0.365788,0.427065
168.038528,0.365065,0.426957
168.046860,0.364350,0.426875
168.055191,0.363724,0.426771
168.063522,0.362955,0.426690
168.071854,0.362175,0.426593
168.080185,0.361412,0.426468
168.088516,0.360662,0.426328
168.096848,0.360073,0.426249
168.105179,0.359404,0.426040
168.113510,0.358780,0.425769
168.121841,0.358309,0.425533
168.130173,0.357632,0.425200
168.138504,0.356947,0.424930
168.146835,0.356367,0.424726
168.155167,0.355850,0.424519
168.163498,0.355431,0.424379
168.171829,0.354986,0.424204
168.180161,0.354577,0.424043
168.188492,0.354261,0.423951
168.196823,0.353975,0.424003
168.205154,0.353666,0.424017
168.213486,0.353384,0.424142
168.221817,0.353162,0.424461
168.230148,0.353021,0.424769
168.238480,0.352867,0.425261
168.246811,0.352727,0.425919
168.255142,0.352631,0.426635
168.263474,0.352558,0.427787
168.271805,0.352487,0.429246
168.280136,0.352405,0.430929
168.288467,0.352303,0.432700
168.296799,0.352217,0.434391
168.305130,0.352142,0.436191
168.313461,0.352080,0.438253
168.321793,0.351998,0.441245
168.330124,0.352030,0.443658
168.338470,0.352053,0.445950
168.346786,0.352067,0.448194
168.355133,0.352123,0.450245
168.363464,0.352132,0.452189
168.371796,0.352121,0.454117
168.380127,0.352083,0.455924
168.388458,0.351983,0.457317
168.396790,0.351834,0.459012
168.405121,0.351608,0.460672
168.413452,0.351313,0.462141
168.421783,0.350953,0.463509
168.430115,0.350422,0.464772
168.438446,0.349732,0.465904
168.446777,0.348955,0.466846
168.455109,0.348292,0.467546
168.463440,0.347258,0.468146
168.471771,0.346031,0.468625
168.480103,0.344802,0.468963
168.488434,0.343487,0.469057
168.496765,0.342057,0.468997
168.505096,0.340656,0.468867
168.513428,0.339336,0.468688
168.521759,0.338211,0.468477
168.530090,0.336586,0.468163
168.538422,0.334487,0.467695
168.546753,0.332805,0.467285
168.555084,0.331140,0.466932
168.563416,0.329480,0.466568
168.571747,0.327754,0.466203
168.580078,0.326054,0.465853
168.588409,0.324762,0.465563
168.596741,0.322956,0.465201
168.605072,0.320830,0.464788
168.613403,0.319105,0.464415
168.621735,0.317423,0.464012
168.630066,0.315763,0.463484
168.638397,0.314077,0.462925
168.646729,0.312456,0.462374
168.655060,0.311143,0.461882
168.663391,0.309526,0.461264
168.671722,0.307868,0.460541
168.680054,0.306386,0.459760
168.688385,0.304957,0.458879
168.696716,0.303946,0.458299
168.705048,0.303001,0.457761
168.713379,0.300973,0.456298
168.721710,0.300025,0.455661
168.730042,0.298685,0.454808
168.738373,0.297039,0.453742
168.746704,0.295823,0.452877
168.755035,0.294661,0.452070
168.763367,0.293580,0.451159
168.771698,0.292491,0.450285
168.780029,0.291463,0.449530
168.788361,0.290748,0.448981
168.796692,0.289778,0.448281
168.805023,0.288645,0.447509
168.813354,0.287749,0.446942
168.821686,0.286930,0.446571
168.830017,0.286141,0.446225
168.838348,0.285362,0.445947
168.846680,0.284638,0.445755
168.855011,0.284089,0.445603
168.863342,0.283399,0.445532
168.871674,0.282620,0.445542
168.880005,0.281965,0.445602
168.888336,0.281414,0.445814
168.896667,0.280922,0.446042
168.904999,0.280398,0.446423
168.913345,0.279888,0.446909
168.921661,0.279485,0.447246
168.930008,0.279095,0.447738
168.938339,0.278703,0.448279
168.946671,0.278318,0.448794
168.955002,0.277968,0.449136
168.963333,0.277714,0.449305
168.971664,0.277446,0.449427
168.979996,0.277189,0.449467
168.988327,0.277010,0.449433
168.996658,0.276785,0.449328
169.004990,0.276562,0.449117
169.013321,0.276386,0.448831
169.021652,0.276238,0.448506
169.029984,0.276095,0.448177
169.038315,0.275961,0.447760
169.046646,0.275839,0.447314
169.054977,0.275727,0.446966
169.063309,0.275620,0.446447
169.071640,0.275529,0.445926
169.079971,0.275451,0.445417
169.088303,0.275371,0.444865
169.096634,0.275337,0.444509
169.104965,0.275302,0.444154
169.113297,0.275233,0.443376
169.121628,0.275199,0.442908
169.129959,0.275154,0.442399
169.138290,0.275082,0.441746
169.146622,0.275011,0.440943
169.154953,0.274970,0.440371
169.163284,0.274930,0.439846
169.171616,0.274882,0.439314
169.179947,0.274831,0.438799
169.188278,0.274792,0.438338
169.196609,0.274744,0.437981
169.204941,0.274677,0.437681
169.213272,0.274594,0.437431
169.221603,0.274515,0.437218
169.229935,0.274463,0.437037
169.238266,0.274396,0.436891
169.246597,0.274314,0.436801
169.254929,0.274231,0.436755
169.263260,0.274152,0.436645
169.271591,0.274063,0.436509
169.279922,0.273968,0.436365
169.288254,0.273883,0.436210
169.296585,0.273784,0.435930
169.304916,0.273671,0.435641
169.313248,0.273561,0.435363
169.321579,0.273476,0.435104
169.329910,0.273344,0.434833
169.338242,0.273204,0.434506
169.346573,0.273074,0.434164
169.354904,0.272938,0.433876
169.363235,0.272799,0.433669
169.371567,0.272634,0.433354
169.379898,0.272460,0.432964
169.388229,0.272307,0.432599
169.396561,0.272146,0.432254
169.404892,0.271958,0.431837
169.413223,0.271752,0.431373
169.421555,0.271569,0.430960
169.429886,0.271376,0.430583
169.438217,0.271170,0.430193
169.446548,0.270964,0.429827
169.454880,0.270791,0.429559
169.463226,0.270597,0.429309
169.471558,0.270373,0.428998
169.479889,0.270140,0.428570
169.488220,0.269954,0.428090
169.496552,0.269813,0.427660
169.504883,0.269674,0.427203
169.513214,0.269535,0.426671
169.521545,0.269294,0.425700
169.529877,0.269015,0.424549
169.538208,0.268855,0.423732
169.546539,0.268698,0.422840
169.554871,0.268538,0.421934
169.563202,0.268372,0.421128
169.571533,0.268221,0.420236
169.579865,0.268067,0.419296
169.588196,0.267923,0.418370
169.596527,0.267815,0.417559
169.604858,0.267659,0.416345
169.613190,0.267514,0.415052
169.621521,0.267397,0.413920
169.629852,0.267268,0.412800
169.638184,0.267152,0.411629
169.646515,0.267043,0.410318
169.654846,0.266940,0.409004
169.663177,0.266842,0.407988
169.671509,0.266706,0.406353
169.679840,0.266569,0.404687
169.688171,0.266445,0.403293
169.696503,0.266308,0.401934
169.704834,0.266158,0.400382
169.713165,0.266008,0.398991
169.721497,0.265867,0.397768
169.729828,0.265742,0.396693
169.738159,0.265571,0.395320
169.746490,0.265392,0.394059
169.754822,0.265216,0.392994
169.763153,0.265015,0.391953
169.771484,0.264849,0.390958
169.779816,0.264660,0.390058
169.788147,0.264475,0.389296
169.796478,0.264341,0.388727
169.804810,0.264158,0.388025
169.813141,0.263905,0.387207
169.821472,0.263673,0.386583
169.829803,0.263479,0.386141
169.838135,0.263273,0.385772
169.846466,0.263056,0.385423
169.854797,0.262840,0.385090
169.863129,0.262638,0.384776
169.871460,0.262442,0.384514
169.879791,0.262232,0.384276
169.888123,0.262025,0.384074
169.896454,0.261892,0.383925
169.904785,0.261733,0.383769
169.913116,0.261395,0.383606
169.921448,0.261113,0.383591
169.929779,0.260900,0.383625
169.938110,0.260658,0.383840
169.946442,0.260430,0.384081
169.954773,0.260212,0.384344
169.963104,0.259978,0.384686
169.971436,0.259733,0.385130
169.979767,0.259506,0.385509
169.988098,0.259290,0.385853
169.996429,0.259070,0.386257
170.004761,0.258862,0.386549
170.013092,0.258659,0.386879
170.021439,0.258463,0.387254
170.029755,0.258283,0.387660
170.038101,0.258079,0.388100
170.046432,0.257891,0.388529
170.054764,0.257715,0.388964
170.063095,0.257527,0.389464
170.071426,0.257358,0.389897
170.079758,0.257204,0.390268
170.088089,0.257069,0.390580
170.096420,0.256963,0.390834
170.104752,0.256830,0.391054
170.113083,0.256695,0.391297
170.121414,0.256582,0.391561
170.129745,0.256483,0.391783
170.138077,0.256392,0.391943
170.146408,0.256305,0.392145
170.154739,0.256218,0.392399
170.163071,0.256124,0.392721
170.171402,0.256047,0.392952
170.179733,0.255976,0.393167
170.188065,0.255912,0.393371
170.196396,0.255856,0.393551
170.204727,0.255806,0.393723
170.213058,0.255763,0.393877
170.221390,0.255725,0.394024
170.229721,0.255689,0.394183
170.238052,0.255672,0.394223
170.246384,0.255655,0.394302
170.254715,0.255641,0.394389
170.263046,0.244359,0.394390
170.271378,0.244353,0.394375
170.279709,0.244342,0.394331
170.288040,0.244330,0.394269
170.296371,0.244317,0.394208
170.304703,0.244277,0.394008
170.313034,0.244230,0.393855
170.321365,0.244163,0.393652
170.329697,0.244077,0.393373
170.338028,0.244025,0.393231
170.346359,0.243968,0.393051
170.354691,0.243903,0.392860
170.363022,0.243819,0.392673
170.371353,0.243745,0.392485
170.379684,0.243660,0.392262
170.388016,0.243568,0.392033
170.396347,0.243475,0.391829
170.404678,0.243394,0.391692
170.413010,0.243312,0.391606
170.421341,0.243230,0.391531
170.429672,0.243146,0.391447
170.438004,0.243047,0.391259
170.446335,0.242958,0.391165
170.454666,0.242866,0.391066
170.462997,0.242764,0.390911
170.471329,0.242671,0.390757
170.479660,0.242578,0.390625
170.487991,0.242486,0.390499
170.496323,0.242399,0.390372
170.504654,0.242290,0.390222
170.512985,0.242202,0.390135
170.521317,0.242113,0.390063
170.529648,0.242016,0.389985
170.537979,0.241935,0.389935
170.546310,0.241853,0.389890
170.554642,0.241770,0.389853
170.562973,0.241686,0.389828
170.571304,0.241602,0.389836
170.579636,0.241525,0.389861
170.587967,0.241446,0.389870
170.596313,0.241359,0.389842
170.604645,0.241287,0.389861
170.612976,0.241205,0.389849
170.621307,0.241122,0.389876
170.629639,0.241048,0.389981
170.637970,0.240975,0.390015
170.646301,0.240906,0.390101
170.654633,0.240838,0.390219
170.662964,0.240768,0.390341
170.671295,0.240708,0.390417
170.679626,0.240637,0.390401
170.687958,0.240560,0.390347
170.696289,0.240482,0.390305
170.704620,0.240415,0.390386
170.712952,0.240331,0.390432
170.721283,0.240238,0.390428
170.729614,0.240170,0.390485
170.737946,0.240117,0.390604
170.746277,0.240051,0.390654
170.754608,0.239984,0.390704
170.762939,0.239924,0.390802
170.771271,0.239857,0.390886
170.779602,0.239783,0.390923
170.787933,0.239703,0.390938
170.796265,0.239624,0.390995
170.804596,0.239546,0.391093
170.812927,0.239466,0.391156
170.821259,0.239387,0.391210
170.829590,0.239319,0.391361
170.837921,0.239238,0.391447
170.846252,0.239148,0.391517
170.854584,0.239052,0.391596
170.862915,0.238960,0.391619
170.871246,0.238867,0.391639
170.879578,0.238770,0.391680
170.887909,0.238667,0.391763
170.896240,0.238589,0.391782
170.904572,0.238504,0.391814
170.912903,0.238394,0.391898
170.921234,0.238216,0.391905
170.929565,0.238046,0.391916
170.937897,0.237920,0.391866
170.946228,0.237805,0.391818
170.954559,0.237682,0.391773
170.962891,0.237527,0.391735
170.971222,0.237397,0.391684
170.979553,0.237264,0.391555
170.987885,0.237124,0.391416
170.996216,0.236978,0.391322
171.004547,0.236864,0.391299
171.012878,0.236728,0.391159
171.021210,0.236588,0.390943
171.029541,0.236452,0.390669
171.037872,0.236311,0.390506
171.046204,0.236165,0.390309
171.054535,0.236028,0.390162
171.062866,0.235909,0.390107
171.071198,0.235801,0.390025
171.079529,0.235698,0.389948
171.087860,0.235601,0.389868
171.096191,0.235512,0.389778
171.104523,0.235419,0.389748
171.112854,0.235340,0.389712
171.121185,0.235254,0.389634
171.129517,0.235151,0.389471
171.137848,0.235076,0.389346
171.146194,0.235009,0.389269
171.154510,0.234947,0.389209
171.162857,0.234888,0.389145
171.171188,0.234842,0.389126
171.179520,0.234785,0.389058
171.187851,0.234730,0.388966
171.196182,0.234686,0.388869
171.204514,0.234652,0.388786
171.212845,0.234631,0.388711
171.221176,0.234606,0.388590
171.229507,0.234571,0.388397
171.237839,0.234567,0.388266
171.246170,0.234545,0.388072
171.254501,0.234523,0.387852
171.262833,0.234509,0.387616
171.271164,0.234498,0.387323
171.279495,0.234492,0.387063
171.287827,0.234493,0.386837
171.296158,0.234505,0.386652
171.304489,0.234503,0.386362
171.312820,0.234535,0.386191
171.321152,0.234570,0.386009
171.329483,0.234598,0.385785
171.337814,0.234636,0.385611
171.346146,0.234679,0.385468
171.354477,0.234729,0.385313
171.362808,0.234786,0.385097
171.371140,0.234845,0.384864
171.379471,0.234910,0.384642
171.387802,0.234981,0.384414
171.396133,0.235050,0.384122
171.404465,0.235112,0.383818
171.412796,0.235181,0.383470
171.421127,0.235254,0.383102
171.429459,0.235320,0.382838
171.437790,0.235405,0.382481
171.446121,0.235491,0.382112
171.454453,0.235562,0.381804
171.462784,0.235643,0.381520
171.471115,0.235712,0.381313
171.479446,0.235776,0.381140
171.487778,0.235899,0.380869
171.496109,0.235996,0.380586
171.504440,0.236085,0.380323
171.512772,0.236183,0.380053
171.521103,0.236311,0.379693
171.529434,0.236409,0.379407
171.537766,0.236487,0.379201
171.546097,0.236568,0.378945
171.554428,0.236647,0.378748
171.562759,0.236723,0.378646
171.571091,0.236834,0.378408
171.579422,0.236932,0.378234
171.587753,0.237013,0.378011
171.596085,0.237081,0.377738
171.604416,0.237149,0.377528
171.612747,0.237212,0.377330
171.621078,0.237279,0.377122
171.629410,0.237356,0.376891
171.637741,0.237416,0.376679
171.646072,0.237489,0.376580
171.654404,0.237557,0.376469
171.662735,0.237617,0.376314
171.671066,0.237677,0.376207
171.679398,0.237732,0.376078
171.687729,0.237780,0.375977
171.696060,0.237822,0.375913
171.704391,0.237903,0.375846
171.712723,0.237957,0.375770
171.721069,0.238004,0.375704
171.729385,0.238051,0.375628
171.737732,0.238070,0.375440
171.746063,0.238082,0.375222
171.754395,0.238093,0.375036
171.762726,0.238103,0.374892
171.771057,0.238118,0.374768
171.779388,0.238112,0.374494
171.787720,0.238099,0.374203
171.796051,0.238082,0.373928
171.804382,0.238056,0.373624
171.812714,0.238009,0.373167
171.821045,0.237958,0.372710
171.829376,0.237913,0.372314
171.837708,0.237851,0.371780
171.846039,0.237777,0.371148
171.854370,0.237682,0.370413
171.862701,0.237585,0.369730
171.871033,0.237536,0.369354
171.879364,0.237469,0.368856
171.887695,0.237347,0.368001
171.896027,0.237228,0.367224
171.904358,0.237152,0.366717
171.912689,0.237058,0.366103
171.921021,0.236957,0.365434
171.929352,0.236851,0.364740
171.937683,0.236716,0.363874
171.946014,0.236599,0.363135
171.954346,0.236482,0.362396
171.962677,0.236325,0.361360
171.971008,0.236193,0.360489
171.979340,0.236064,0.359634
171.987671,0.235931,0.358768
171.996002,0.235779,0.357770
172.004333,0.235643,0.356863
172.012665,0.235508,0.355935
172.020996,0.235369,0.354957
172.029327,0.235210,0.353878
172.037659,0.235083,0.352989
172.045990,0.234951,0.352068
172.054321,0.234814,0.351093
172.062653,0.234701,0.350262
172.070984,0.234573,0.349292
172.079315,0.234448,0.348339
172.087646,0.234335,0.347494
172.095978,0.234205,0.346490
172.104309,0.234107,0.345687
172.112640,0.234009,0.344877
172.120972,0.233905,0.344017
172.129303,0.233830,0.343322
172.137634,0.233738,0.342485
172.145966,0.233646,0.341622
172.154297,0.233568,0.340853
172.162628,0.233476,0.340003
172.170959,0.233372,0.339087
172.179291,0.233273,0.338179
172.187622,0.233183,0.337302
172.195953,0.233099,0.336470
172.204285,0.233003,0.335555
172.212616,0.232915,0.334704
172.220947,0.232839,0.333946
172.229279,0.232765,0.333119
172.237610,0.232691,0.332320
172.245941,0.232618,0.331533
172.254272,0.232547,0.330762
172.262604,0.232494,0.330085
172.270935,0.232437,0.329319
172.279282,0.232375,0.328517
172.287613,0.232308,0.327782
172.295944,0.232279,0.327312
172.304276,0.232251,0.326850
172.312607,0.232155,0.325676
172.320938,0.232127,0.325090
172.329269,0.232083,0.324345
172.337601,0.232046,0.323610
172.345932,0.232021,0.322954
172.354263,0.232005,0.322354
172.362595,0.231980,0.321711
172.370926,0.231960,0.321037
172.379257,0.231951,0.320416
172.387589,0.231962,0.319958
172.395920,0.231985,0.319447
172.404251,0.232009,0.318920
172.412582,0.232036,0.318454
172.420914,0.232071,0.318091
172.429245,0.232108,0.317778
172.437576,0.232124,0.317363
172.445908,0.232142,0.316985
172.454239,0.232177,0.316755
172.462570,0.232200,0.316395
172.470901,0.232215,0.316038
172.479233,0.232222,0.315711
172.487564,0.232219,0.315407
172.495895,0.232211,0.315116
172.504227,0.232195,0.314843
172.512558,0.232168,0.314592
172.520889,0.232131,0.314364
172.529221,0.267944,0.314046
172.537552,0.268027,0.313812
172.545883,0.268134,0.313577
172.554214,0.268293,0.313247
172.562546,0.268463,0.313035
172.570877,0.268657,0.312842
172.579208,0.268879,0.312640
172.587540,0.269132,0.312398
172.595871,0.269486,0.312128
172.604202,0.269887,0.311856
172.612534,0.270320,0.311582
172.620865,0.270789,0.311305
172.629196,0.271285,0.311113
172.637527,0.271869,0.310817
172.645859,0.272479,0.310545
172.654190,0.273057,0.310396
172.662521,0.273837,0.310258
172.670853,0.274622,0.310134
172.679184,0.275425,0.310010
172.687515,0.276271,0.309886
172.695847,0.277069,0.309860
172.704178,0.277869,0.309928
172.712509,0.278697,0.310028
172.720840,0.279579,0.310108
172.729172,0.280257,0.310196
172.737503,0.280968,0.310300
172.745834,0.282323,0.310579
172.754166,0.284041,0.311070
172.762497,0.285150,0.311329
172.770828,0.286199,0.311600
172.779160,0.287407,0.311839
172.787491,0.288653,0.312015
172.795822,0.289778,0.312114
172.804153,0.291195,0.312147
172.812485,0.292535,0.312236
172.820816,0.293894,0.312403
172.829163,0.295370,0.312679
172.837479,0.296657,0.313019
172.845825,0.298130,0.313448
172.854156,0.299596,0.313936
172.862488,0.300874,0.314428
172.870819,0.302561,0.315093
172.879150,0.304207,0.315709
172.887482,0.305820,0.316316
172.895813,0.307476,0.316965
172.904144,0.309094,0.317469
172.912476,0.310811,0.317995
172.920807,0.312495,0.318513
172.929138,0.314003,0.318980
172.937469,0.316176,0.319534
172.945801,0.318442,0.320069
172.954132,0.320539,0.320614
172.962463,0.322552,0.321215
172.970795,0.324380,0.321659
172.979126,0.326502,0.322084
172.987457,0.328716,0.322519
172.995789,0.330743,0.322987
173.004120,0.333126,0.323556
173.012451,0.335438,0.324241
173.020782,0.337753,0.325024
173.029114,0.340139,0.325907
173.037445,0.342252,0.326931
173.045776,0.344656,0.328092
173.054108,0.347079,0.329346
173.062439,0.349182,0.330599
173.070770,0.352095,0.332515
173.079102,0.354824,0.334458
173.087433,0.357395,0.336373
173.095764,0.359997,0.338371
173.104095,0.362192,0.340186
173.112427,0.364484,0.342111
173.120758,0.366641,0.343899
173.129089,0.368377,0.345250
173.137421,0.370635,0.347061
173.145752,0.373323,0.349220
173.154083,0.375820,0.351225
173.162415,0.377975,0.353082
173.170746,0.380057,0.354984
173.179077,0.382101,0.356893
173.187408,0.384082,0.358791
173.195740,0.385768,0.360583
173.204071,0.387891,0.362824
173.212402,0.390033,0.365065
173.220734,0.391801,0.366900
173.229065,0.393773,0.368886
173.237396,0.395552,0.370756
173.245728,0.397254,0.372577
173.254059,0.398919,0.374367
173.262390,0.400832,0.376631
173.270721,0.402534,0.378708
173.279053,0.404116,0.380714
173.287384,0.405634,0.382737
173.295715,0.407219,0.384953
173.304047,0.408546,0.386838
173.312378,0.409709,0.388505
173.320709,0.411940,0.392056
173.329041,0.413389,0.394158
173.337372,0.414867,0.396339
173.345703,0.416291,0.398459
173.354034,0.417625,0.400450
173.362366,0.419024,0.402557
173.370697,0.420311,0.404610
173.379028,0.421481,0.406512
173.387360,0.422547,0.408240
173.395691,0.423790,0.410266
173.404037,0.424983,0.412191
173.412354,0.426069,0.413929
173.420700,0.427043,0.415483
173.429031,0.428275,0.417471
173.437363,0.429387,0.419239
173.445694,0.430351,0.420773
173.454025,0.431177,0.422109
173.462357,0.432372,0.424077
173.470688,0.433416,0.425841
173.479019,0.434344,0.427388
173.487350,0.435234,0.428819
173.495682,0.436266,0.430688
173.504013,0.436923,0.431862
173.512344,0.437415,0.432725
173.520676,0.437915,0.433599
173.529007,0.439010,0.435466
173.537338,0.440333,0.437648
173.545670,0.441973,0.440515
173.554001,0.443754,0.443467
173.562332,0.445042,0.445437
173.570663,0.446026,0.446983
173.578995,0.447216,0.448713
173.587326,0.448272,0.450267
173.595657,0.449209,0.451676
173.603989,0.450615,0.453540
173.612320,0.451838,0.455252
173.620651,0.453045,0.456828
173.628983,0.454252,0.458325
173.637314,0.455428,0.459840
173.645645,0.456781,0.461507
173.653976,0.458082,0.463051
173.662308,0.459340,0.464505
173.670639,0.460826,0.466261
173.678970,0.462314,0.467897
173.687302,0.463848,0.469536
173.695633,0.465396,0.471118
173.703964,0.466878,0.472467
173.712296,0.468620,0.474010
173.720627,0.470247,0.475521
173.728958,0.471709,0.476956
173.737289,0.473840,0.478909
173.745621,0.476161,0.481283
173.753952,0.478175,0.483259
173.762283,0.479970,0.484918
173.770615,0.481684,0.486539
173.778946,0.483483,0.488142
173.787277,0.485090,0.489536
173.795609,0.486543,0.490773
173.803940,0.488164,0.491969
173.812271,0.490195,0.493422
173.820602,0.492189,0.494684
173.828934,0.493822,0.495603
173.837265,0.495250,0.496432
173.845596,0.496934,0.497419
173.853928,0.498566,0.498261
173.862259,0.500066,0.498980
173.870590,0.501442,0.499716
173.878922,0.502982,0.500386
173.887253,0.504484,0.500932
173.895584,0.505889,0.501387
173.903915,0.507018,0.501817
173.912247,0.508541,0.502434
173.920578,0.510857,0.503527
173.928909,0.512532,0.504488
173.937241,0.514072,0.505552
173.945572,0.515521,0.506755
173.953918,0.516935,0.507979
173.962234,0.518319,0.509209
173.970581,0.519935,0.510747
173.978912,0.521369,0.512097
173.987244,0.522729,0.513316
173.995575,0.524049,0.514425
174.003906,0.525186,0.515398
174.012238,0.526360,0.516177
174.020569,0.527470,0.516814
174.028900,0.528414,0.517372
174.037231,0.529573,0.517957
174.045563,0.530624,0.518396
174.053894,0.531525,0.518732
174.062225,0.532307,0.519027
174.070557,0.533099,0.519280
174.078888,0.533830,0.519582
174.087219,0.534488,0.519866
174.095551,0.535067,0.520021
174.103882,0.535676,0.520322
174.112213,0.536206,0.520672
174.120544,0.536643,0.520993
174.128876,0.537028,0.521340
174.137207,0.537322,0.521681
174.145538,0.537576,0.522002
174.153870,0.537769,0.522289
174.162201,0.537851,0.522522
174.170532,0.537961,0.522882
174.178864,0.538071,0.523396
174.187195,0.538108,0.523861
174.195526,0.538067,0.524246
174.203857,0.538031,0.524683
174.212189,0.537959,0.525145
174.220520,0.537855,0.525595
174.228851,0.537768,0.525942
174.237183,0.537693,0.526367
174.245514,0.537587,0.526788
174.253845,0.537441,0.527170
174.262177,0.537281,0.527563
174.270508,0.537105,0.527915
174.278839,0.536906,0.528290
174.287170,0.536678,0.528717
174.295502,0.536394,0.529027
174.303833,0.536079,0.529398
174.312164,0.535739,0.529748
174.320496,0.535380,0.530021
174.328827,0.535086,0.530239
174.337158,0.534716,0.530557
174.345490,0.534350,0.530885
174.353821,0.534054,0.531138
174.362152,0.533705,0.531483
174.370483,0.533382,0.531791
174.378815,0.533093,0.532103
174.387146,0.532834,0.532479
174.395477,0.532516,0.532852
174.403809,0.532251,0.533171
174.412140,0.532013,0.533465
174.420471,0.531788,0.533749
174.428802,0.531665,0.533874
174.437134,0.531560,0.533973
174.445465,0.531425,0.534184
174.453796,0.531354,0.534343
174.462128,0.531415,0.534503
174.470459,0.531579,0.534527
174.478790,0.531771,0.534550
174.487122,0.531979,0.534557
174.495453,0.532191,0.534547
174.503784,0.532641,0.534702
174.512115,0.533016,0.534908
174.520447,0.533350,0.535145
174.528793,0.533699,0.535418
174.537109,0.534119,0.535658
174.545456,0.534619,0.536070
174.553787,0.535143,0.536429
174.562119,0.535664,0.536666
174.570450,0.536228,0.537120
174.578781,0.536967,0.537897
174.587112,0.537816,0.538878
174.595444,0.538674,0.539971
174.603775,0.539495,0.541456
174.612106,0.540557,0.543154
174.620438,0.541697,0.544901
174.628769,0.542810,0.546590
174.637100,0.543925,0.548176
174.645432,0.545095,0.549724
174.653763,0.546237,0.551195
174.662094,0.547311,0.552547
174.670425,0.548330,0.553622
174.678757,0.549383,0.554561
174.687088,0.550356,0.555351
174.695419,0.551218,0.556010
174.703751,0.552383,0.556906
174.712082,0.553363,0.557760
174.720413,0.554248,0.558618
174.728745,0.555061,0.559472
174.737076,0.555586,0.560094
174.745407,0.556126,0.560737
174.753738,0.556731,0.561477
174.762070,0.557389,0.562435
174.770401,0.558201,0.563713
174.778732,0.559139,0.565293
174.787064,0.559836,0.566564
174.795395,0.560402,0.567595
174.803726,0.560911,0.568650
174.812057,0.561423,0.569718
174.820389,0.561895,0.570688
174.828720,0.562308,0.571511
174.837051,0.562719,0.572497
174.845383,0.563138,0.573368
174.853714,0.563545,0.574168
174.862045,0.563915,0.574939
174.870377,0.564147,0.575552
174.878708,0.564402,0.576148
174.887039,0.564657,0.576663
174.895370,0.564891,0.577027
174.903702,0.565146,0.577482
174.912033,0.565357,0.577898
174.920364,0.565532,0.578259
174.928696,0.565694,0.578580
174.937027,0.565847,0.578753
174.945358,0.565964,0.578911
174.953690,0.566040,0.579025
174.962021,0.566086,0.579089
174.970352,0.566149,0.579242
174.978683,0.566186,0.579249
174.987015,0.566188,0.579180
174.995346,0.566150,0.579075
175.003677,0.566105,0.578923
175.012009,0.566065,0.578703
175.020340,0.566034,0.578392
175.028671,0.566011,0.577988
175.037003,0.565960,0.577493
175.045334,0.565874,0.576935
175.053665,0.565789,0.576285
175.061996,0.565727,0.575540
175.070328,0.565607,0.574774
175.078659,0.565435,0.573913
175.087006,0.565242,0.573095
175.095322,0.565048,0.572394
175.103668,0.564665,0.571315
175.112000,0.564279,0.570417
175.120331,0.563895,0.569625
175.128662,0.563490,0.568840
175.136993,0.563070,0.568136
175.145325,0.562594,0.567437
175.153656,0.562132,0.566839
175.161987,0.561759,0.566420
175.170319,0.561330,0.566012
175.178650,0.560870,0.565612
175.186981,0.559934,0.565003
175.195312,0.559393,0.564709
175.203644,0.558727,0.564616
175.211975,0.558012,0.564618
175.220306,0.557286,0.564643
175.228638,0.556604,0.564588
175.236969,0.555591,0.564461
175.245300,0.554347,0.564312
175.253632,0.553136,0.564190
175.261963,0.551966,0.563998
175.270294,0.550714,0.563927
175.278625,0.549441,0.563922
175.286957,0.548180,0.563974
175.295288,0.547078,0.564126
175.303619,0.545771,0.564306
175.311951,0.544355,0.564523
175.320282,0.543046,0.564765
175.328613,0.541880,0.565039
175.336945,0.540748,0.565276
175.345276,0.539654,0.565533
175.353607,0.538606,0.565855
175.361938,0.537895,0.566076
175.370270,0.537046,0.566399
175.378601,0.536071,0.566879
175.386932,0.535342,0.567308
175.395264,0.534794,0.567982
175.403595,0.534277,0.568695
175.411926,0.533774,0.569571
175.420258,0.533286,0.570747
175.428589,0.532880,0.571787
175.436920,0.532520,0.573178
175.445251,0.532194,0.574790
175.453583,0.531879,0.576353
175.461914,0.531617,0.577909
175.470245,0.531383,0.579295
175.478577,0.531120,0.580607
175.486908,0.530817,0.581809
175.495239,0.530601,0.582579
175.503571,0.530339,0.583503
175.511902,0.530050,0.584428
175.520233,0.529830,0.585043
175.528564,0.529702,0.585576
175.536896,0.529641,0.585929
175.545227,0.529612,0.586133
175.553558,0.529614,0.586200
175.561890,0.529716,0.586181
175.570221,0.529832,0.586199
175.578552,0.529969,0.586314
175.586884,0.530109,0.586516
175.595215,0.530255,0.586926
175.603546,0.530369,0.587315
175.611877,0.530523,0.587753
175.620209,0.530723,0.588223
175.628540,0.530898,0.588452
175.636887,0.531128,0.588801
175.645203,0.531420,0.589150
175.653549,0.531669,0.589257
175.661880,0.531931,0.589298
175.670212,0.532167,0.589272
175.678543,0.532407,0.589243
175.686874,0.532655,0.589242
175.695206,0.532849,0.589302
175.703537,0.533093,0.589439
175.711868,0.533361,0.589722
175.720200,0.533550,0.590018
175.728531,0.533732,0.590326
175.736862,0.533931,0.590768
175.745193,0.534111,0.591297
175.753525,0.534254,0.591857
175.761856,0.534361,0.592231
175.770187,0.534520,0.592879
175.778519,0.534759,0.593917
175.786850,0.534975,0.594859
175.795181,0.535118,0.595794
175.803513,0.535329,0.596858
175.811844,0.535558,0.597890
175.820175,0.535783,0.598811
175.828506,0.535917,0.599380
175.836838,0.536067,0.599977
175.845169,0.536373,0.600862
175.853500,0.536796,0.601863
175.861832,0.537016,0.602313
175.870163,0.537279,0.602715
175.878494,0.537537,0.602973
175.886826,0.537776,0.603117
175.895157,0.537978,0.603237
175.903488,0.538200,0.603395
175.911819,0.538419,0.603534
175.920151,0.538634,0.603683
175.928482,0.538854,0.603914
175.936813,0.539106,0.604303
175.945145,0.539399,0.604750
175.953476,0.539688,0.605108
175.961807,0.539911,0.605334
175.970139,0.540126,0.605553
175.978470,0.540365,0.605641
175.986801,0.540616,0.605615
175.995132,0.540842,0.605608
176.003464,0.541178,0.605663
176.011795,0.541580,0.605682
176.020126,0.541957,0.605658
176.028458,0.542314,0.605689
176.036789,0.542631,0.605696
176.045120,0.542917,0.605698
176.053452,0.543171,0.605700
176.061783,0.543530,0.605626
176.070114,0.543741,0.605244
176.078445,0.543795,0.604740
176.086777,0.543725,0.604068
176.095108,0.543560,0.603127
176.103439,0.543368,0.601978
176.111771,0.543118,0.600691
176.120102,0.542861,0.599432
176.128433,0.542710,0.598520
176.136765,0.542564,0.597273
176.145096,0.542394,0.596026
176.153427,0.542182,0.595150
176.161758,0.541937,0.594360
176.170090,0.541659,0.593656
176.178421,0.541317,0.592910
176.186752,0.540955,0.592189
176.195084,0.540660,0.591637
176.203415,0.540288,0.590831
176.211761,0.539949,0.589841
176.220078,0.539771,0.589080
176.228424,0.539677,0.588360
176.236755,0.539570,0.587531
176.245087,0.539460,0.586657
176.253418,0.539333,0.585742
176.261749,0.539167,0.584786
176.270081,0.538972,0.583376
176.278412,0.538798,0.581814
176.286743,0.538670,0.580284
176.295074,0.538616,0.578603
176.303406,0.538684,0.576951
176.311737,0.538767,0.575415
176.320068,0.538849,0.574035
176.328400,0.538919,0.572898
176.336731,0.538924,0.571228
176.345062,0.538779,0.569237
176.353394,0.538557,0.567485
176.361725,0.538300,0.565838
176.370056,0.537983,0.564170
176.378387,0.537672,0.562529
176.386719,0.537390,0.561010
176.395050,0.537168,0.559790
176.403381,0.536861,0.558237
176.411713,0.536473,0.556719
176.420044,0.536029,0.555446
176.428375,0.535480,0.554257
176.436707,0.534885,0.553188
176.445038,0.534260,0.552097
176.453369,0.533574,0.550928
176.461700,0.532112,0.548533
176.470032,0.530848,0.546420
176.478363,0.529541,0.544106
176.486694,0.528129,0.541503
176.495026,0.526689,0.538807
176.503357,0.524951,0.535631
176.511688,0.523229,0.532479
176.520020,0.521612,0.529535
176.528351,0.520234,0.527126
176.536682,0.518236,0.523706
176.545013,0.516088,0.520241
176.553345,0.514422,0.517782
176.561676,0.512758,0.515567
176.570007,0.511264,0.513849
176.578339,0.509808,0.512354
176.586670,0.508454,0.511079
176.595001,0.507478,0.510127
176.603333,0.506298,0.509031
176.611664,0.504468,0.507500
176.619995,0.502951,0.506248
176.628326,0.501850,0.505381
176.636658,0.500756,0.504423
176.644989,0.499719,0.503466
176.653320,0.498817,0.502605
176.661652,0.498230,0.502023
176.669983,0.497518,0.501305
176.678314,0.496446,0.500203
176.686646,0.495632,0.499425
176.694977,0.494933,0.498799
176.703308,0.494446,0.498329
176.711639,0.493998,0.497975
176.719971,0.493638,0.497736
176.728302,0.493387,0.497497
176.736633,0.493188,0.497362
176.744965,0.493011,0.497249
176.753296,0.492859,0.497144
176.761627,0.492760,0.497104
176.769958,0.492783,0.497219
176.778305,0.492867,0.497306
176.786636,0.492998,0.497365
176.794968,0.493129,0.497404
176.803299,0.493328,0.497424
176.811630,0.493552,0.497469
176.819962,0.493765,0.497525
176.828293,0.493965,0.497549
176.836624,0.494277,0.497582
176.844955,0.494635,0.497647
176.853287,0.494898,0.497742
176.861618,0.495110,0.497863
176.869949,0.495408,0.498044
176.878281,0.495692,0.498276
176.886612,0.495929,0.498500
176.894943,0.496153,0.498656
176.903275,0.496364,0.498763
176.911606,0.496581,0.498813
176.919937,0.496771,0.498817
176.928268,0.496878,0.498819
176.936600,0.497083,0.498764
176.944931,0.497324,0.498619
176.953262,0.497495,0.498449
176.961594,0.497633,0.498270
176.969925,0.497802,0.498226
176.978256,0.497937,0.498201
176.986588,0.498049,0.498197
176.994919,0.498157,0.498223
177.003250,0.498304,0.498262
177.011581,0.498521,0.498393
177.019913,0.498720,0.498625
177.028244,0.498866,0.498844
177.036575,0.499064,0.499089
177.044907,0.499297,0.499326
177.053238,0.499526,0.499560
177.061569,0.499691,0.499796
177.069901,0.499981,0.500221
177.078232,0.500330,0.500811
177.086563,0.500621,0.501357
177.094894,0.500912,0.501882
177.103226,0.501149,0.502611
177.111557,0.501412,0.503439
177.119888,0.501676,0.504252
177.128220,0.501889,0.504863
177.136551,0.502181,0.505800
177.144882,0.502540,0.506939
177.153214,0.502836,0.507896
177.161545,0.503053,0.508831
177.169876,0.503327,0.509569
177.178207,0.503561,0.510342
177.186539,0.503740,0.511037
177.194870,0.503887,0.511498
177.203201,0.504091,0.512095
177.211533,0.504270,0.512686
177.219864,0.504397,0.513161
177.228195,0.504504,0.513473
177.236526,0.504627,0.513855
177.244858,0.504765,0.514256
177.253189,0.504865,0.514513
177.261520,0.504902,0.514656
177.269852,0.504932,0.514816
177.278183,0.504928,0.514992
177.286514,0.504914,0.515087
177.294846,0.504929,0.515002
177.303177,0.504909,0.514987
177.311508,0.504871,0.514914
177.319839,0.504814,0.514795
177.328171,0.504746,0.514742
177.336517,0.504652,0.514692
177.344833,0.504551,0.514608
177.353180,0.504470,0.514540
177.361511,0.504401,0.514615
177.369843,0.504392,0.514449
177.378174,0.504350,0.514316
177.386505,0.504290,0.514247
177.394836,0.504337,0.514143
177.403168,0.504356,0.514091
177.411499,0.504360,0.514072
177.419830,0.504374,0.514069
177.428162,0.504456,0.514024
177.436493,0.504533,0.514078
177.444824,0.504620,0.514115
177.453156,0.504721,0.514132
177.461487,0.504814,0.514235
177.469818,0.504895,0.514336
177.478149,0.504986,0.514432
177.486481,0.505087,0.514532
177.494812,0.505183,0.514660
177.503143,0.505286,0.514716
177.511475,0.505406,0.514863
177.519806,0.505537,0.515121
177.528137,0.505650,0.515410
177.536469,0.505777,0.515703
177.544800,0.505913,0.515962
177.553131,0.506057,0.516211
177.561462,0.506203,0.516540
177.569794,0.506323,0.516795
177.578125,0.506444,0.517020
177.586456,0.506559,0.517237
177.594788,0.506653,0.517485
177.603119,0.506775,0.517657
177.611450,0.506918,0.517793
177.619781,0.507077,0.517915
177.628113,0.507242,0.518038
177.636444,0.507326,0.518116
177.644775,0.507415,0.518227
177.653107,0.507509,0.518352
177.661438,0.507575,0.518404
177.669769,0.507639,0.518452
177.678101,0.507631,0.518322
177.686432,0.507752,0.518292
177.694763,0.507817,0.518236
177.703094,0.507820,0.518101
177.711426,0.507896,0.517905
177.719757,0.507963,0.517777
177.728088,0.508014,0.517663
177.736420,0.507979,0.517354
177.744751,0.507982,0.517058
177.753082,0.508006,0.516871
177.761414,0.508025,0.516721
177.769745,0.508015,0.516525
177.778076,0.507916,0.516480
177.786407,0.507846,0.516425
177.794739,0.507793,0.516360
177.803070,0.507720,0.516229
177.811401,0.507604,0.516280
177.819733,0.507479,0.516383
177.828064,0.507345,0.516537
177.836395,0.507212,0.516716
177.844727,0.506988,0.517020
177.853058,0.506792,0.517452
177.861389,0.506614,0.517885
177.869720,0.506430,0.518230
177.878052,0.506214,0.518669
177.886383,0.506001,0.519173
177.894730,0.505795,0.519673
177.903046,0.505592,0.520111
177.911392,0.505335,0.520707
177.919724,0.505088,0.521269
177.928055,0.504877,0.521743
177.936386,0.504717,0.522116
177.944717,0.504515,0.522540
177.953049,0.504365,0.522880
177.961380,0.504226,0.523111
177.969711,0.504053,0.523228
177.978043,0.503886,0.523213
177.986374,0.503691,0.523223
177.994705,0.503492,0.523243
178.003036,0.503320,0.523226
178.011368,0.503054,0.523119
178.019699,0.502801,0.523041
178.028030,0.502563,0.523003
178.036362,0.502323,0.522994
178.044693,0.502038,0.522866
178.053024,0.501801,0.522791
178.061356,0.501596,0.522758
178.069687,0.501231,0.522668
178.078018,0.500926,0.522660
178.086349,0.500654,0.522646
178.094681,0.500384,0.522594
178.103012,0.500117,0.522476
178.111343,0.499859,0.522455
178.119675,0.499629,0.522427
178.128006,0.499429,0.522340
178.136337,0.499257,0.522228
178.144669,0.499040,0.522181
178.153000,0.498817,0.522130
178.161331,0.498624,0.522047
178.169662,0.498502,0.522042
178.177994,0.498332,0.522051
178.186325,0.498152,0.522077
178.194656,0.497984,0.522113
178.202988,0.497800,0.522110
178.211319,0.497666,0.522157
178.219650,0.497529,0.522232
178.227982,0.497374,0.522324
178.236313,0.497261,0.522422
178.244644,0.497110,0.522558
178.252975,0.496959,0.522713
178.261307,0.496861,0.522860
178.269638,0.496751,0.523121
178.277969,0.496699,0.523309
178.286301,0.496664,0.523460
178.294632,0.496631,0.523595
178.302963,0.496591,0.523695
178.311295,0.496558,0.523809
178.319626,0.496534,0.523973
178.327957,0.496502,0.524149
178.336288,0.496509,0.524358
178.344620,0.496489,0.524561
178.352951,0.496471,0.524772
178.361282,0.496475,0.525002
178.369614,0.496474,0.525238
178.377945,0.496482,0.525603
178.386276,0.496487,0.525961
178.394608,0.496480,0.526228
178.402939,0.496459,0.526504
178.411270,0.496445,0.526822
178.419601,0.496435,0.527125
178.427933,0.496427,0.527341
178.436264,0.496413,0.527571
178.444611,0.496389,0.527837
178.452927,0.496353,0.528106
178.461273,0.496318,0.528308
178.469604,0.496275,0.528608
178.477936,0.496231,0.528904
178.486267,0.496182,0.529148
178.494598,0.496126,0.529301
178.502930,0.496070,0.529455
178.511261,0.495997,0.529830
178.519592,0.495894,0.530314
178.527924,0.495818,0.530737
178.536255,0.495771,0.530986
178.544586,0.495729,0.531168
178.552917,0.495667,0.531212
178.561249,0.495593,0.531211
178.569580,0.495491,0.531255
178.577911,0.495421,0.531381
178.586243,0.495319,0.531523
178.594574,0.495216,0.531675
178.602905,0.495145,0.531839
178.611237,0.495030,0.531918
178.619568,0.494942,0.531995
178.627899,0.494863,0.532072
178.636230,0.494735,0.532142
178.644562,0.494625,0.532100
178.652893,0.494539,0.532065
178.661224,0.494464,0.532047
178.669556,0.494386,0.532054
178.677887,0.494324,0.532052
178.686218,0.494242,0.532095
178.694550,0.494153,0.532154
178.702881,0.494080,0.532186
178.711212,0.493929,0.532111
178.719543,0.493816,0.532033
178.727875,0.493711,0.531981
178.736206,0.493589,0.531980
178.744537,0.493481,0.531931
178.752869,0.493383,0.531808
178.761200,0.493288,0.531659
178.769531,0.493221,0.531548
178.777863,0.493078,0.531466
178.786194,0.492957,0.531400
178.794525,0.492853,0.531373
178.802856,0.492761,0.531410
178.811188,0.492625,0.531349
178.819519,0.492501,0.531305
178.827850,0.492383,0.531271
178.836182,0.492282,0.531280
178.844513,0.492127,0.531354
178.852844,0.491973,0.531399
178.861176,0.491841,0.531394
178.869507,0.491718,0.531376
178.877838,0.491622,0.531357
178.886169,0.491528,0.531339
178.894501,0.491432,0.531316
178.902832,0.491277,0.531204
178.911163,0.491095,0.531210
178.919495,0.490896,0.531113
178.927826,0.490736,0.531087
178.936157,0.490602,0.531099
178.944489,0.490474,0.531087
178.952820,0.490289,0.531071
178.961151,0.490111,0.531098
178.969482,0.489940,0.531115
178.977814,0.489775,0.531211
178.986145,0.489650,0.531301
178.994476,0.489542,0.531366
179.002808,0.489442,0.531398
179.011139,0.489341,0.531458
179.019485,0.489284,0.531511
179.027802,0.489247,0.531562
179.036148,0.489176,0.531696
179.044479,0.489080,0.531838
179.052811,0.489027,0.531978
179.061142,0.488983,0.532097
179.069473,0.488907,0.532170
179.077805,0.488907,0.532255
179.086136,0.488879,0.532413
179.094467,0.488830,0.532615
179.102798,0.488811,0.532872
179.111130,0.488860,0.533117
179.119461,0.488836,0.533189
179.127792,0.488810,0.533209
179.136124,0.488864,0.533242
179.144455,0.488935,0.533238
179.152786,0.488973,0.533277
179.161118,0.488996,0.533335
179.169449,0.489039,0.533371
179.177780,0.489112,0.533443
179.186111,0.489200,0.533544
179.194443,0.489254,0.533664
179.202774,0.489242,0.533839
179.211105,0.489314,0.533857
179.219437,0.489412,0.533863
179.227768,0.489517,0.533872
179.236099,0.489577,0.533964
179.244431,0.489601,0.533911
179.252762,0.489630,0.533948
179.261093,0.489668,0.534050
179.269424,0.489722,0.534186
179.277756,0.489750,0.534307
179.286087,0.489767,0.534423
179.294418,0.489752,0.534529
179.302750,0.489775,0.534662
179.311081,0.489787,0.534754
179.319412,0.489769,0.534800
179.327744,0.489713,0.534800
179.336075,0.489650,0.534769
179.344406,0.489593,0.534589
179.352737,0.489548,0.534514
179.361069,0.489499,0.534446
179.369400,0.489414,0.534219
179.377731,0.489281,0.534194
179.386063,0.489158,0.534161
179.394394,0.489037,0.534112
179.402725,0.488893,0.534008
179.411057,0.488783,0.533887
179.419388,0.488698,0.533802
179.427719,0.488637,0.533764
179.436050,0.488557,0.533617
179.444382,0.488461,0.533440
179.452713,0.488354,0.533225
179.461044,0.488289,0.532885
179.469376,0.488220,0.532605
179.477707,0.488193,0.532210
179.486038,0.488138,0.531962
179.494370,0.488070,0.531784
179.502701,0.488017,0.531437
179.511032,0.487996,0.531165
179.519363,0.487978,0.530961
179.527695,0.487946,0.530797
179.536026,0.487877,0.530719
179.544357,0.487849,0.530564
179.552689,0.487836,0.530488
179.561020,0.487830,0.530467
179.569351,0.487831,0.530405
179.577682,0.487838,0.530244
179.586014,0.487857,0.530179
179.594360,0.487877,0.530143
179.602676,0.487876,0.529999
179.611023,0.487910,0.529940
179.619354,0.487939,0.529909
179.627686,0.487965,0.529890
179.636017,0.488012,0.529837
179.644348,0.488054,0.529780
179.652679,0.488092,0.529749
179.661011,0.488131,0.529720
179.669342,0.488171,0.529636
179.677673,0.488174,0.529680
179.686005,0.488204,0.529693
179.694336,0.488245,0.529688
179.702667,0.488283,0.529656
179.710999,0.488321,0.529623
179.719330,0.488404,0.529615
179.727661,0.488462,0.529471
179.735992,0.488512,0.529318
179.744324,0.488571,0.529225
179.752655,0.488620,0.529150
179.760986,0.488664,0.529072
179.769318,0.488688,0.528988
179.777649,0.488695,0.528907
179.785980,0.488698,0.528840
179.794312,0.488697,0.528808
179.802643,0.488708,0.528862
179.810974,0.488646,0.528797
179.819305,0.488593,0.528740
179.827637,0.488551,0.528696
179.835968,0.488531,0.528667
179.844299,0.488516,0.528642
179.852631,0.488484,0.528460
179.860962,0.488394,0.528301
179.869293,0.488237,0.528197
179.877625,0.488098,0.528128
179.885956,0.487966,0.528106
179.894287,0.487821,0.528107
179.902618,0.487660,0.528124
179.910950,0.487458,0.528080
179.919281,0.487305,0.528050
179.927612,0.487180,0.528031
179.935944,0.487045,0.528059
179.944275,0.486864,0.527955
179.952606,0.486645,0.527707
179.960938,0.486455,0.527534
179.969269,0.486303,0.527458
179.977600,0.486049,0.527277
179.985931,0.485855,0.527218
179.994263,0.485690,0.527215
